datetime,market_price_usd,total_supply,market_cap_usd,realised_cap_usd,nupl,coin_days_destroyed,active_addresses,fear_greed_value,fear_greed_category,lightning_nodes,lightning_capacity_usd
2010-08-17,0.07,3745849,262209.5,196685.58974620892,0.24989144273487834,164118.2606561354,494.0,0.0,0,0.0,0.0
2010-08-18,0.07,3752499,262675.0,197235.61757000405,0.24912680091366118,515562.4979641215,726.0,0.0,0,0.0,0.0
2010-08-19,0.07,3759249,263147.5,197700.63295772497,0.24870791872343467,101475.64458078668,470.0,0.0,0,0.0,0.0
2010-08-20,0.07,3768899,263823.0,198328.72760630475,0.24825080600893498,113823.05527129644,656.0,0.0,0,0.0,0.0
2010-08-21,0.07,3777549,264428.5,198997.94546703246,0.2474413859813429,484113.6336902842,528.0,0.0,0,0.0,0.0
2010-08-22,0.06,3788150,227289.0,199772.84168195762,0.12106242852950375,511875.38375370245,586.0,0.0,0,0.0,0.0
2010-08-23,0.07,3798799,265916.0,200456.78924391835,0.24616499479565596,49971.75789849514,653.0,0.0,0,0.0,0.0
2010-08-24,0.07,3809549,266668.5,201173.39277889082,0.24560496354503505,136880.46646134293,632.0,0.0,0,0.0,0.0
2010-08-25,0.07,3820349,267424.5,201878.84047592586,0.24509968056058493,48761.10538761617,499.0,0.0,0,0.0,0.0
2010-08-26,0.07,3830849,268159.5,202548.92290019794,0.2446699710426148,50685.03942222244,652.0,0.0,0,0.0,0.0
2010-08-27,0.06,3839400,230364.0,203157.95387495324,0.11810025058189111,472781.2999177051,497.0,0.0,0,0.0,0.0
2010-08-28,0.06,3847900,230874.0,203701.88043238904,0.11769241910137548,65600.20057499543,527.0,0.0,0,0.0,0.0
2010-08-29,0.06,3856000,231360.0,204213.1190880819,0.11733610352661694,87769.27289988461,390.0,0.0,0,0.0,0.0
2010-08-30,0.06,3863450,231807.0,204709.24799368775,0.11689790216133357,94973.01727070578,522.0,0.0,0,0.0,0.0
2010-08-31,0.06,3872650,232359.0,205164.24959423748,0.1170376460811181,1024273.2894912568,734.0,0.0,0,0.0,0.0
2010-09-01,0.06,3880500,232830.0,205623.31056798983,0.11685216437748645,298812.6023218332,603.0,0.0,0,0.0,0.0
2010-09-02,0.06,3888300,233298.0,206134.72159267162,0.11643168140030512,138329.75551052156,543.0,0.0,0,0.0,0.0
2010-09-03,0.06,3896500,233790.0,206593.0830834439,0.11633053987149196,434381.329450813,500.0,0.0,0,0.0,0.0
2010-09-04,0.06,3905550,234333.0,207141.64405416188,0.11603724591004307,113186.35227175945,451.0,0.0,0,0.0,0.0
2010-09-05,0.06,3913800,234828.0,207734.97263291976,0.11537392204967142,2230063.117397092,548.0,0.0,0,0.0,0.0
2010-09-06,0.06,3921700,235302.0,208134.03168597288,0.11545999742470155,378160.157284956,511.0,0.0,0,0.0,0.0
2010-09-07,0.06,3929700,235782.0,208614.8322507226,0.11522155104833025,326134.05173981364,403.0,0.0,0,0.0,0.0
2010-09-08,0.06,3937950,236277.0,209108.98224989968,0.1149837595284362,98144.00978785634,545.0,0.0,0,0.0,0.0
2010-09-09,0.06,3944700,236682.0,209615.6842129526,0.11435730552829286,961821.7411545712,514.0,0.0,0,0.0,0.0
2010-09-10,0.06,3953550,237213.0,210152.84793685965,0.11407533340559056,42568.11680891197,541.0,0.0,0,0.0,0.0
2010-09-11,0.06,3961550,237693.0,210658.65806679163,0.11373638236384064,95703.85600185137,433.0,0.0,0,0.0,0.0
2010-09-12,0.06,3970400,238224.0,211210.73572288197,0.11339438627979559,369779.1486253245,711.0,0.0,0,0.0,0.0
2010-09-13,0.06,3978950,238737.0,211780.618387313,0.11291245853255671,527927.3564206166,718.0,0.0,0,0.0,0.0
2010-09-14,0.06,3989100,239346.0,212408.33479889567,0.11254696214310803,185875.9174001165,664.0,0.0,0,0.0,0.0
2010-09-15,0.06,3997550,239853.0,212766.26237251228,0.112930576759464,805093.7078019498,662.0,0.0,0,0.0,0.0
2010-09-16,0.06,4008500,240510.0,213518.9543158771,0.11222421389598307,892135.8093680518,685.0,0.0,0,0.0,0.0
2010-09-17,0.06,4018900,241134.0,214331.25664579865,0.11115289985734632,10098342.29593336,1003.0,0.0,0,0.0,0.0
2010-09-18,0.06,4030750,241845.0,215041.1016106793,0.1108308974314983,319781.24994560104,562.0,0.0,0,0.0,0.0
2010-09-19,0.06,4041200,242472.0,215746.30132589454,0.11022179333739754,245147.8528040897,654.0,0.0,0,0.0,0.0
2010-09-20,0.06,4051350,243081.0,216352.5878929864,0.10995681318989803,368814.34262326034,705.0,0.0,0,0.0,0.0
2010-09-21,0.06,4059950,243597.0,216904.8193156528,0.10957516178092178,130890.83535703793,1216.0,0.0,0,0.0,0.0
2010-09-22,0.06,4068650,244119.0,217453.4195594463,0.10923189280864534,328745.6848256898,1039.0,0.0,0,0.0,0.0
2010-09-23,0.06,4080350,244821.0,218199.48109295956,0.10873870667565465,932509.0225913224,1049.0,0.0,0,0.0,0.0
2010-09-24,0.06,4091750,245505.0,218918.76781273296,0.10829201925527808,95541.6583928245,807.0,0.0,0,0.0,0.0
2010-09-25,0.06,4102100,246126.0,219617.73632257094,0.10770200497886878,376116.8670572917,825.0,0.0,0,0.0,0.0
2010-09-26,0.06,4112350,246741.0,220256.85120795082,0.10733582498267082,145301.39685243164,623.0,0.0,0,0.0,0.0
2010-09-27,0.06,4123800,247428.0,221161.64628334504,0.10615756388385698,3199134.589619654,1269.0,0.0,0,0.0,0.0
2010-09-28,0.06,4134400,248064.0,222367.91517993232,0.10358651323879195,19178848.94436028,1699.0,0.0,0,0.0,0.0
2010-09-29,0.06,4142600,248556.0,222908.45206932252,0.10318619518610486,839659.5788605371,1198.0,0.0,0,0.0,0.0
2010-09-30,0.06,4149900,248994.0,223336.6743654584,0.10304395139859435,433192.5119745399,638.0,0.0,0,0.0,0.0
2010-10-01,0.06,4157600,249456.0,224086.84059337334,0.10169793232725072,7810460.102990598,847.0,0.0,0,0.0,0.0
2010-10-02,0.06,4162600,249756.0,225406.99785077598,0.09749115996902585,11235797.86071453,780.0,0.0,0,0.0,0.0
2010-10-03,0.06,4168700,250122.0,225757.96607660805,0.09740860029662306,341110.8140466244,672.0,0.0,0,0.0,0.0
2010-10-04,0.06,4176350,250581.0,226176.34932126696,0.09739226309549824,1593250.556435478,828.0,0.0,0,0.0,0.0
2010-10-05,0.06,4182650,250959.0,226813.11521448492,0.09621446047169092,6536395.883923451,704.0,0.0,0,0.0,0.0
2010-10-06,0.06,4191200,251472.0,227447.66815737385,0.09553481836000093,421018.80693574296,692.0,0.0,0,0.0,0.0
2010-10-07,0.06,4199200,251952.0,228401.95980472266,0.09347034433256073,767865.4796275481,647.0,0.0,0,0.0,0.0
2010-10-08,0.08,4206900,336552.0,231062.6170733138,0.31344155710465604,1945053.1605916456,813.0,0.0,0,0.0,0.0
2010-10-09,0.09,4214800,379332.0,234860.16808003857,0.38085854059230817,1423876.0626523169,750.0,0.0,0,0.0,0.0
2010-10-10,0.1,4223700,422370.0,237179.74346154707,0.43845504306284283,1177105.7177158538,623.0,0.0,0,0.0,0.0
2010-10-11,0.1,4231650,423165.0,238973.24343004284,0.4352717180531404,532571.4146076035,631.0,0.0,0,0.0,0.0
2010-10-12,0.09,4239400,381546.0,239989.8428914514,0.37100679107774315,388113.40269108815,646.0,0.0,0,0.0,0.0
2010-10-13,0.1,4248200,424820.0,242149.04259070382,0.42999613344309634,3916461.354714119,926.0,0.0,0,0.0,0.0
2010-10-14,0.1,4258450,425845.0,243825.59193593456,0.427431126499232,893095.6113946849,634.0,0.0,0,0.0,0.0
2010-10-15,0.1,4267300,426730.0,247131.06462497907,0.420872531518808,1824631.892526853,581.0,0.0,0,0.0,0.0
2010-10-16,0.1,4280200,428020.0,249436.0364607265,0.41723275440230245,4052665.647490249,933.0,0.0,0,0.0,0.0
2010-10-17,0.1,4293700,429370.0,250960.94315252287,0.41551355904575804,245970.92446018517,752.0,0.0,0,0.0,0.0
2010-10-18,0.1,4306150,430615.0,252581.43335688094,0.413440234648396,175584.87838043936,947.0,0.0,0,0.0,0.0
2010-10-19,0.1,4318950,431895.0,253808.19664954476,0.4123381918069328,304161.230768285,1408.0,0.0,0,0.0,0.0
2010-10-20,0.1,4332150,433215.0,255467.47495925156,0.41029863933785404,375182.3380619176,1183.0,0.0,0,0.0,0.0
2010-10-21,0.1,4341450,434145.0,259061.19262807546,0.40328417319541754,1373727.4661595768,994.0,0.0,0,0.0,0.0
2010-10-22,0.11,4349150,478406.5,259863.6147753535,0.4568142055441272,273577.6071572913,972.0,0.0,0,0.0,0.0
2010-10-23,0.11,4357900,479369.0,261182.48777383252,0.455153571103195,667184.0393456016,835.0,0.0,0,0.0,0.0
2010-10-24,0.11,4368150,480496.5,264235.4420588523,0.45007832094749434,1275248.8956785824,851.0,0.0,0,0.0,0.0
2010-10-25,0.15,4378300,656745.0,267575.3806162197,0.5925734027419779,663588.104331251,752.0,0.0,0,0.0,0.0
2010-10-26,0.16,4390350,702456.0,271814.0743807344,0.6130518148030134,513359.5210104134,866.0,0.0,0,0.0,0.0
2010-10-27,0.18,4401000,792180.0,279414.41158196365,0.6472841884647887,1140302.7841273232,1117.0,0.0,0,0.0,0.0
2010-10-28,0.19,4411950,838270.5,287731.2017996828,0.6567561404109022,2976507.044513781,998.0,0.0,0,0.0,0.0
2010-10-29,0.19,4423100,840389.0,291595.2105724089,0.6530235277087052,482113.77064977394,848.0,0.0,0,0.0,0.0
2010-10-30,0.19,4435700,842783.0,295737.6615345015,0.6490939405107822,577248.6274222236,659.0,0.0,0,0.0,0.0
2010-10-31,0.19,4444650,844483.5,299869.72794485604,0.6449075346707709,546546.9837127319,572.0,0.0,0,0.0,0.0
2010-11-01,0.19,4453500,846165.0,302422.677904723,0.6425960918913888,539066.2895968772,597.0,0.0,0,0.0,0.0
2010-11-02,0.19,4462300,847837.0,306110.5728860922,0.6389511511221,779808.8338817105,458.0,0.0,0,0.0,0.0
2010-11-03,0.19,4471800,849642.0,308998.63994442794,0.6363190144267493,313366.2972336844,574.0,0.0,0,0.0,0.0
2010-11-04,0.21,4481850,941188.5,322027.9048526287,0.6578497242022945,2216587.175454896,607.0,0.0,0,0.0,0.0
2010-11-05,0.24,4492800,1078272.0,328158.19487693935,0.6956628801666562,1344364.1743334436,835.0,0.0,0,0.0,0.0
2010-11-06,0.29,4503700,1306073.0,359760.9566819744,0.7245475890842438,6681095.143340544,596.0,0.0,0,0.0,0.0
2010-11-07,0.36,4515750,1625670.0,367409.32334600174,0.7739951384069327,394071.673784608,690.0,0.0,0,0.0,0.0
2010-11-08,0.32,4529500,1449440.0,377385.9782955238,0.7396332526385889,6361166.790656537,1571.0,0.0,0,0.0,0.0
2010-11-09,0.27,4540350,1225894.5,380436.59093963937,0.6896661246627346,795187.1838290457,648.0,0.0,0,0.0,0.0
2010-11-10,0.2,4550500,910100.0,382911.8532383008,0.5792639784218208,155180.4297961811,651.0,0.0,0,0.0,0.0
2010-11-11,0.22,4561450,1003519.0,385588.2149548074,0.6157639118394296,137239.919428125,601.0,0.0,0,0.0,0.0
2010-11-12,0.26,4569900,1188174.0,388442.0053504895,0.673076497760017,83600.20000196768,456.0,0.0,0,0.0,0.0
2010-11-13,0.29,4581050,1328504.5,393689.14014094387,0.7036599122238999,602955.5026990742,579.0,0.0,0,0.0,0.0
2010-11-14,0.28,4593850,1286278.0000000002,399142.6710502504,0.6896917532211152,1053461.7449975703,901.0,0.0,0,0.0,0.0
2010-11-15,0.27,4603850,1243039.5,409574.84589851496,0.6705053653576455,9173760.816222798,4396.0,0.0,0,0.0,0.0
2010-11-16,0.25,4613700,1153425.0,411769.4470490829,0.6430028419280985,502183.6758321796,3365.0,0.0,0,0.0,0.0
2010-11-17,0.26,4626050,1202773.0,415065.52050125075,0.6549095128496809,209689.35119120387,675.0,0.0,0,0.0,0.0
2010-11-18,0.27,4638900,1252503.0,419535.3061872293,0.6650424740002785,248346.14877332537,632.0,0.0,0,0.0,0.0
2010-11-19,0.27,4646400,1254528.0,424115.44751466607,0.6619322585748059,1005425.995667128,641.0,0.0,0,0.0,0.0
2010-11-20,0.28,4652200,1302616.0000000002,428385.79272697016,0.6711342462191696,720493.2832802052,784.0,0.0,0,0.0,0.0
2010-11-21,0.28,4659200,1304576.0000000002,430763.5694866655,0.6698056920511604,219222.5244300913,758.0,0.0,0,0.0,0.0
2010-11-22,0.28,4667350,1306858.0000000002,433830.3458385233,0.6680355893000439,206784.46855544017,624.0,0.0,0,0.0,0.0
2010-11-23,0.28,4674350,1308818.0000000002,437106.41269685817,0.6660296445366292,792463.4328611136,660.0,0.0,0,0.0,0.0
2010-11-24,0.28,4683200,1311296.0000000002,440933.04521278146,0.6637425530065054,900356.251867129,963.0,0.0,0,0.0,0.0
2010-11-25,0.28,4692250,1313830.0000000002,445685.1378271951,0.6607741200709414,1276043.4161148116,912.0,0.0,0,0.0,0.0
2010-11-26,0.28,4701950,1316546.0000000002,451204.4579919647,0.6572816612621476,1210965.6300620376,1197.0,0.0,0,0.0,0.0
2010-11-27,0.28,4710950,1319066.0000000002,454403.9582788624,0.6555108248724004,566795.6553111117,822.0,0.0,0,0.0,0.0
2010-11-28,0.28,4719550,1321474.0000000002,456976.93750474724,0.654191503196622,181580.4917677083,706.0,0.0,0,0.0,0.0
2010-11-29,0.25,4730000,1182500.0,458463.71405706246,0.6122928422350422,271182.1263917815,900.0,0.0,0,0.0,0.0
2010-11-30,0.21,4740100,995421.0,460196.3195525198,0.5376867480668784,1102025.1560086682,797.0,0.0,0,0.0,0.0
2010-12-01,0.21,4749500,997395.0,461402.5627489376,0.5373923443079847,493878.61009432864,1109.0,0.0,0,0.0,0.0
2010-12-02,0.24,4758900,1142136.0,467701.8883081214,0.5905024547793596,2240340.040350698,812.0,0.0,0,0.0,0.0
2010-12-03,0.25,4768350,1192087.5,470168.2059092051,0.6055925375367117,216174.68065381784,881.0,0.0,0,0.0,0.0
2010-12-04,0.23,4779800,1099354.0,470976.3082827456,0.5715881251328093,583785.8370649868,729.0,0.0,0,0.0,0.0
2010-12-05,0.21,4791750,1006267.5,473856.7082592623,0.5290946907663595,471947.9705658564,695.0,0.0,0,0.0,0.0
2010-12-06,0.2,4803800,960760.0,480364.40177257557,0.5000162353006208,3744637.44357397,734.0,0.0,0,0.0,0.0
2010-12-07,0.22,4815750,1059465.0,485842.5895913291,0.5414264845074362,2099046.087980499,1142.0,0.0,0,0.0,0.0
2010-12-08,0.23,4827650,1110359.5,489018.7794004309,0.559585179934579,168393.4619039354,903.0,0.0,0,0.0,0.0
2010-12-09,0.21,4838800,1016148.0,490844.3056508734,0.5169558906272774,455130.29696748254,835.0,0.0,0,0.0,0.0
2010-12-10,0.19,4846150,920768.5,492635.5839534529,0.4649734608064319,562653.6283504596,636.0,0.0,0,0.0,0.0
2010-12-11,0.22,4854900,1068078.0,495066.4826915566,0.5364884561880717,789931.7827701258,1070.0,0.0,0,0.0,0.0
2010-12-12,0.21,4863450,1021324.5,497080.3206461448,0.513298348716647,203730.93534970368,1194.0,0.0,0,0.0,0.0
2010-12-13,0.22,4870500,1071510.0,500211.2819087197,0.5331716158423909,1638570.5726638755,1676.0,0.0,0,0.0,0.0
2010-12-14,0.23,4879050,1122181.5,502725.92361851834,0.5520101484309639,136104.49237551345,1131.0,0.0,0,0.0,0.0
2010-12-15,0.24,4888850,1173324.0,506839.4038470461,0.568031162878245,822997.9934465217,1093.0,0.0,0,0.0,0.0
2010-12-16,0.25,4897500,1224375.0,509610.42866169947,0.5837791292196431,217740.09861824155,949.0,0.0,0,0.0,0.0
2010-12-17,0.25,4905800,1226450.0,511677.01499619853,0.582798308128176,112341.98040901974,796.0,0.0,0,0.0,0.0
2010-12-18,0.25,4913850,1228462.5,514205.27005661494,0.5814237145565169,578672.3045223773,858.0,0.0,0,0.0,0.0
2010-12-19,0.24,4923050,1181532.0,516251.8007156185,0.5630657479309756,732238.0162461686,1088.0,0.0,0,0.0,0.0
2010-12-20,0.26,4931000,1282060.0,521289.5993902509,0.5933968773768382,3125804.870046915,1461.0,0.0,0,0.0,0.0
2010-12-21,0.25,4940750,1235187.5,528700.9349638933,0.5719670617101507,7990611.389018857,1088.0,0.0,0,0.0,0.0
2010-12-22,0.25,4948650,1237162.5,530801.6001153259,0.5709524010666942,192347.114231625,1210.0,0.0,0,0.0,0.0
2010-12-23,0.25,4955900,1238975.0,532988.851117219,0.5698146846246139,225934.097930791,1018.0,0.0,0,0.0,0.0
2010-12-24,0.25,4963300,1240825.0,534845.129411631,0.5689600633355784,204294.2357542252,851.0,0.0,0,0.0,0.0
2010-12-25,0.25,4971700,1242925.0,537650.1714600244,0.5674315252649802,452229.79932138487,1076.0,0.0,0,0.0,0.0
2010-12-26,0.25,4978950,1244737.5,540149.8012244721,0.5660532431741856,375186.9837410873,1028.0,0.0,0,0.0,0.0
2010-12-27,0.26,4987250,1296685.0,542898.1515619002,0.5813183991779807,1296153.9270033604,1140.0,0.0,0,0.0,0.0
2010-12-28,0.27,4995700,1348839.0,546219.0052066481,0.5950450682352393,349568.68345826765,1030.0,0.0,0,0.0,0.0
2010-12-29,0.29,5003950,1451145.5,554800.1536142875,0.6176812362273201,1504416.7238132246,990.0,0.0,0,0.0,0.0
2010-12-30,0.3,5012400,1503720.0,558417.1421877849,0.6286428708883404,475790.7989556779,1091.0,0.0,0,0.0,0.0
2010-12-31,0.29,5020500,1455945.0,561335.8983985324,0.6144525387988334,583720.5413044622,898.0,0.0,0,0.0,0.0
2011-01-01,0.3,5029550,1508865.0,564347.9590601115,0.6259784943914057,116770.18047539846,1077.0,0.0,0,0.0,0.0
2011-01-02,0.3,5038300,1511490.0,568745.7116459365,0.6237185084612293,1468816.6174998097,1051.0,0.0,0,0.0,0.0
2011-01-03,0.3,5046100,1513830.0,572084.6189665638,0.6220945423418984,531761.4001243535,1398.0,0.0,0,0.0,0.0
2011-01-04,0.29,5053150,1465413.5,574477.8252394838,0.6079756155928113,132867.42984256832,1078.0,0.0,0,0.0,0.0
2011-01-05,0.3,5060850,1518255.0,577390.2670513397,0.6197013893902278,350750.62009720696,1540.0,0.0,0,0.0,0.0
2011-01-06,0.3,5067900,1520370.0,579967.82389436,0.6185350777150562,535967.6920489559,1161.0,0.0,0,0.0,0.0
2011-01-07,0.31,5076100,1573591.0,583780.4288315425,0.6290138741060781,611805.8606829215,1254.0,0.0,0,0.0,0.0
2011-01-08,0.31,5084600,1576226.0,587950.5731781847,0.6269884057373849,882980.783517827,1473.0,0.0,0,0.0,0.0
2011-01-09,0.32,5092750,1629680.0,591358.3085103575,0.6371322538717064,384930.8765912135,1383.0,0.0,0,0.0,0.0
2011-01-10,0.32,5100850,1632272.0,599179.2327979105,0.6329170427490575,2062122.9236121096,1437.0,0.0,0,0.0,0.0
2011-01-11,0.32,5109450,1635024.0,611247.7914485754,0.6261536274399792,9099874.940514367,1552.0,0.0,0,0.0,0.0
2011-01-12,0.34,5117800,1740052.0000000002,614293.0182083618,0.6469685858765359,274176.9316338351,1263.0,0.0,0,0.0,0.0
2011-01-13,0.36,5127200,1845792.0,622224.350474892,0.6628957377240274,2215020.74166687,1696.0,0.0,0,0.0,0.0
2011-01-14,0.39,5136250,2003137.5,631288.3206865287,0.6848502308570786,1408314.3913903493,1607.0,0.0,0,0.0,0.0
2011-01-15,0.39,5144100,2006199.0,635636.6817743182,0.6831636932456261,268092.33312760765,1422.0,0.0,0,0.0,0.0
2011-01-16,0.39,5152800,2009592.0,643265.6148394274,0.679902380762151,1775022.3217604996,1536.0,0.0,0,0.0,0.0
2011-01-17,0.35,5161850,1806647.5,648709.6783694163,0.6409317930756185,716519.7360122242,1348.0,0.0,0,0.0,0.0
2011-01-18,0.32,5168900,1654048.0,651153.7471329998,0.6063271760353993,815899.4656917758,1416.0,0.0,0,0.0,0.0
2011-01-19,0.31,5177350,1604978.5,658059.5560571797,0.5899885537051246,3769700.0384516367,1545.0,0.0,0,0.0,0.0
2011-01-20,0.35,5186650,1815327.5,664624.7908809439,0.6338816048999732,616658.0815170693,1453.0,0.0,0,0.0,0.0
2011-01-21,0.4,5195350,2078140.0,671435.7721814321,0.676905419181849,611287.6473086912,1969.0,0.0,0,0.0,0.0
2011-01-22,0.43,5203600,2237548.0,679151.0693181982,0.6964753072031535,710391.8924056048,2196.0,0.0,0,0.0,0.0
2011-01-23,0.44,5212100,2293324.0,691100.7867984176,0.6986466862953435,2238007.405122214,1932.0,0.0,0,0.0,0.0
2011-01-24,0.41,5221500,2140815.0,699073.1863660789,0.6734546486426529,1554515.2847993586,2058.0,0.0,0,0.0,0.0
2011-01-25,0.42,5229300,2196306.0,704024.7100103096,0.6794505364870334,432084.4433288404,1445.0,0.0,0,0.0,0.0
2011-01-26,0.41,5238300,2147703.0,714209.219341412,0.6674543829657025,3090153.8190558115,1586.0,0.0,0,0.0,0.0
2011-01-27,0.44,5246300,2308372.0,800207.5366344539,0.6533455020965191,29638321.094456527,1653.0,0.0,0,0.0,0.0
2011-01-28,0.43,5254200,2259306.0,806974.9762234677,0.6428217442774605,1656629.920116671,1690.0,0.0,0,0.0,0.0
2011-01-29,0.44,5262250,2315390.0,817127.0336615683,0.6470888128299905,2972121.8322461904,2077.0,0.0,0,0.0,0.0
2011-01-30,0.46,5270050,2424223.0,823347.947736854,0.6603662502431278,449431.911096297,3198.0,0.0,0,0.0,0.0
2011-01-31,0.51,5278550,2692060.5,841509.3286793856,0.6874106920407674,2114112.849161674,2229.0,0.0,0,0.0,0.0
2011-02-01,0.74,5286750,3912195.0,870706.4381408987,0.7774378735873598,1641075.2583732407,1916.0,0.0,0,0.0,0.0
2011-02-02,0.73,5294650,3865094.5,904578.6099503048,0.7659620974466976,1891727.4223918049,1490.0,0.0,0,0.0,0.0
2011-02-03,0.71,5302650,3764881.5,914805.9656688428,0.7570160001931422,651056.8248076992,1266.0,0.0,0,0.0,0.0
2011-02-04,0.8,5312350,4249880.0,932440.424142734,0.780596058208059,979646.1399155904,1509.0,0.0,0,0.0,0.0
2011-02-05,0.86,5321300,4576318.0,956808.0601037411,0.790921858991499,633929.062457629,1525.0,0.0,0,0.0,0.0
2011-02-06,0.87,5330150,4637230.5,985815.6119222103,0.7874128508552227,1864886.265078021,1393.0,0.0,0,0.0,0.0
2011-02-07,0.86,5340300,4592658.0,1033949.527906485,0.7748690349016877,4823712.03171348,1398.0,0.0,0,0.0,0.0
2011-02-08,0.9,5348700,4813830.0,1046658.0820251968,0.7825726953329891,365061.2260171358,1427.0,0.0,0,0.0,0.0
2011-02-09,0.96,5358300,5143968.0,1084732.7673697402,0.789125288615765,2043267.9902012453,2088.0,0.0,0,0.0,0.0
2011-02-10,0.96,5367600,5152896.0,1105569.842370077,0.7854468938689861,977693.8893577486,3549.0,0.0,0,0.0,0.0
2011-02-11,0.99,5376900,5323131.0,1136973.4248058556,0.7864088964171921,2585245.7127818936,4310.0,0.0,0,0.0,0.0
2011-02-12,1.06,5386700,5709902.0,1154903.6471596002,0.7977366954529866,576482.5589339797,3300.0,0.0,0,0.0,0.0
2011-02-13,1.05,5396600,5666430.0,1172697.3972237967,0.7930447570650663,535658.7352552778,3266.0,0.0,0,0.0,0.0
2011-02-14,1.06,5406400,5730784.0,1215297.0056838503,0.7879352972152064,7799000.488044115,4117.0,0.0,0,0.0,0.0
2011-02-15,1.05,5417650,5688532.5,1230439.0906853538,0.7836983280511531,553736.548806238,3410.0,0.0,0,0.0,0.0
2011-02-16,1.04,5429250,5646420.0,1244793.428719961,0.7795428911203982,422953.1389759324,2982.0,0.0,0,0.0,0.0
2011-02-17,1.04,5440800,5658432.0,1258989.3854990292,0.7775020738078978,268319.80037490965,3492.0,0.0,0,0.0,0.0
2011-02-18,0.89,5451400,4851746.0,1272731.494930055,0.7376755718600984,1038087.4443412984,3608.0,0.0,0,0.0,0.0
2011-02-19,0.91,5459450,4968099.5,1283412.1916440013,0.7416693865241626,605099.4208173605,2892.0,0.0,0,0.0,0.0
2011-02-20,0.85,5469350,4648947.5,1295816.057169114,0.7212667905651517,901259.7547622644,3177.0,0.0,0,0.0,0.0
2011-02-21,0.84,5479050,4602402.0,1304616.4940587373,0.7165357363266535,549102.694557521,3291.0,0.0,0,0.0,0.0
2011-02-22,0.88,5489600,4830848.0,1318239.8257201966,0.7271204091455172,959958.6072525554,3781.0,0.0,0,0.0,0.0
2011-02-23,0.9,5501750,4951575.0,1330928.4507295054,0.7312110892535193,388804.7231933717,3798.0,0.0,0,0.0,0.0
2011-02-24,0.95,5512100,5236495.0,1348538.8972874295,0.7424729905619256,1432168.6753144232,3676.0,0.0,0,0.0,0.0
2011-02-25,0.96,5523350,5302416.0,1359048.4020288412,0.7436926106837258,662412.0801227709,3416.0,0.0,0,0.0,0.0
2011-02-26,0.94,5537150,5204921.0,1388176.1613235536,0.733295440733192,4312443.041212901,3581.0,0.0,0,0.0,0.0
2011-02-27,0.93,5549350,5160895.5,1413114.382353492,0.726188142667587,2452513.6984320995,3633.0,0.0,0,0.0,0.0
2011-02-28,0.88,5556850,4890028.0,1430536.0170699663,0.7074585223090816,1573448.1517926329,3028.0,0.0,0,0.0,0.0
2011-03-01,0.95,5563350,5285182.5,1608590.7624708617,0.6956413969676805,20020312.515182503,5194.0,0.0,0,0.0,0.0
2011-03-02,0.92,5571750,5126010.0,1623449.4000994212,0.6832918000356182,795724.5033417488,3728.0,0.0,0,0.0,0.0
2011-03-03,0.92,5581050,5134566.0,1634747.9052498902,0.6816190686321123,274618.82608032273,4894.0,0.0,0,0.0,0.0
2011-03-04,0.91,5592100,5088811.0,1645914.5765773794,0.6765620541660166,917077.362281744,3281.0,0.0,0,0.0,0.0
2011-03-05,0.88,5605950,4933236.0,1663359.1688306243,0.6628259485598045,1363907.982437811,3610.0,0.0,0,0.0,0.0
2011-03-06,0.85,5619650,4776702.5,1674653.9158960206,0.6494121382070538,230114.97390930323,3316.0,0.0,0,0.0,0.0
2011-03-07,0.89,5630200,5010878.0,1682517.0192820102,0.664227103656882,309434.49911638146,3409.0,0.0,0,0.0,0.0
2011-03-08,0.87,5639550,4906408.5,1693901.880312503,0.6547572668862564,935765.295470544,3867.0,0.0,0,0.0,0.0
2011-03-09,0.85,5647550,4800417.5,1700345.8770235053,0.6457920843294349,125024.9586465964,3384.0,0.0,0,0.0,0.0
2011-03-10,0.89,5653050,5031214.5,1708925.4152285326,0.6603354090292647,359323.4605272559,2912.0,0.0,0,0.0,0.0
2011-03-11,0.89,5659550,5036999.5,1714926.8672195917,0.6595340406089794,666540.1983989327,3048.0,0.0,0,0.0,0.0
2011-03-12,0.9,5666550,5099895.0,1734162.2054965256,0.6599611942017384,1852725.103974476,3232.0,0.0,0,0.0,0.0
2011-03-13,0.9,5672400,5105160.0,1744711.1894902536,0.6582455418654355,839291.3986333164,2893.0,0.0,0,0.0,0.0
2011-03-14,0.89,5678000,5053420.0,1762742.0798983595,0.6511783940582102,3339522.653732387,2900.0,0.0,0,0.0,0.0
2011-03-15,0.88,5683600,5001568.0,1772721.2778256617,0.6455668946567032,1385842.142178364,3299.0,0.0,0,0.0,0.0
2011-03-16,0.85,5690400,4836840.0,1792148.7360637945,0.6294794253967891,5552105.014846566,3166.0,0.0,0,0.0,0.0
2011-03-17,0.84,5697450,4785858.0,1802436.224815583,0.6233828448701189,1244587.9775149557,3225.0,0.0,0,0.0,0.0
2011-03-18,0.77,5703450,4391656.5,1805756.0818384418,0.5888211926778786,372205.0520291764,3094.0,0.0,0,0.0,0.0
2011-03-19,0.76,5709200,4338992.0,1810111.6804309776,0.5828266840706372,369415.5559352937,3176.0,0.0,0,0.0,0.0
2011-03-20,0.77,5716050,4401358.5,1814345.9640981986,0.5877759187082355,194637.5106778193,4449.0,0.0,0,0.0,0.0
2011-03-21,0.75,5723450,4292587.5,1822373.643029122,0.5754603387748947,1102853.446055543,4652.0,0.0,0,0.0,0.0
2011-03-22,0.78,5729400,4468932.0,1827024.204602172,0.5911720731928408,739438.2981378604,3862.0,0.0,0,0.0,0.0
2011-03-23,0.83,5737250,4761917.5,1840017.1593395937,0.6135974301655597,1475223.6688083026,6864.0,0.0,0,0.0,0.0
2011-03-24,0.88,5744850,5055468.0,1862005.4604032566,0.6316848488798156,3622534.035479665,4388.0,0.0,0,0.0,0.0
2011-03-25,0.88,5753500,5063080.0,1871193.4021498489,0.6304238917516909,406875.3652114637,4170.0,0.0,0,0.0,0.0
2011-03-26,0.87,5760400,5011548.0,1888736.0941810587,0.623123215784612,3115719.225530003,4828.0,0.0,0,0.0,0.0
2011-03-27,0.83,5767550,4787066.5,1896786.065690895,0.6037685990593832,1540938.191982118,4772.0,0.0,0,0.0,0.0
2011-03-28,0.81,5775950,4678519.5,1903213.8252182025,0.5932016901461664,685369.8053342557,5336.0,0.0,0,0.0,0.0
2011-03-29,0.79,5784100,4569439.0,1909194.7221820673,0.582181812213257,382079.49198468606,4653.0,0.0,0,0.0,0.0
2011-03-30,0.79,5791900,4575601.0,1914675.332493047,0.5815467011889701,331158.13457402465,3662.0,0.0,0,0.0,0.0
2011-03-31,0.79,5801950,4583540.5,1921866.9158630522,0.5807025342389683,511570.3247403969,4159.0,0.0,0,0.0,0.0
2011-04-01,0.78,5810750,4532385.0,1928821.0837533327,0.5744357366478504,477065.3204215977,3279.0,0.0,0,0.0,0.0
2011-04-02,0.79,5819750,4597602.5,1934014.2510515063,0.5793428746718521,251215.69347573543,3304.0,0.0,0,0.0,0.0
2011-04-03,0.78,5828500,4546230.0,1940673.0045971125,0.5731247639039132,275315.2604903573,3626.0,0.0,0,0.0,0.0
2011-04-04,0.69,5837400,4027805.9999999995,1950888.4077472754,0.5156448925923255,3097915.2924714354,4621.0,0.0,0,0.0,0.0
2011-04-05,0.67,5847100,3917557.0000000005,1961918.9028247143,0.49919837724767907,2201278.3983619404,4306.0,0.0,0,0.0,0.0
2011-04-06,0.72,5854500,4215240.0,1967523.0747888568,0.5332358122458373,884336.1962656368,3867.0,0.0,0,0.0,0.0
2011-04-07,0.75,5861850,4396387.5,1973423.239193613,0.5511261827594559,631120.8876682447,3423.0,0.0,0,0.0,0.0
2011-04-08,0.76,5870150,4461314.0,1980194.292913124,0.5561410174416945,1049421.7656298955,3649.0,0.0,0,0.0,0.0
2011-04-09,0.74,5877950,4349683.0,1985398.0302449157,0.5435533968234201,209622.0001833778,3615.0,0.0,0,0.0,0.0
2011-04-10,0.74,5886600,4356084.0,1990739.4401220758,0.5429979219587878,242087.66723902413,3513.0,0.0,0,0.0,0.0
2011-04-11,0.77,5894750,4538957.5,1998205.0784600072,0.5597656337473953,481570.06995335966,4060.0,0.0,0,0.0,0.0
2011-04-12,0.85,5902900,5017465.0,2011803.3973510633,0.5990398742490355,1614173.8776252985,4330.0,0.0,0,0.0,0.0
2011-04-13,0.93,5912600,5498718.0,2028155.9536566862,0.6311583984382021,1487869.140298311,4672.0,0.0,0,0.0,0.0
2011-04-14,0.95,5920600,5624570.0,2049664.278597899,0.6355873820402451,1129595.9718672906,5966.0,0.0,0,0.0,0.0
2011-04-15,1.0,5927400,5927400.0,2067717.5983692778,0.6511594293671292,2934308.4528280096,4147.0,0.0,0,0.0,0.0
2011-04-16,1.04,5936050,6173492.0,2093848.6512476702,0.6608323698730524,2693773.16780477,5369.0,0.0,0,0.0,0.0
2011-04-17,1.08,5945050,6420654.0,2118590.229123509,0.6700351351866167,789236.9969887062,4349.0,0.0,0,0.0,0.0
2011-04-18,1.15,5952450,6845317.499999999,2152588.7432016726,0.6855385096160007,2955174.8165246407,5540.0,0.0,0,0.0,0.0
2011-04-19,1.18,5960150,7032977.0,2186587.0304104206,0.6890950972240603,1777994.83961955,6348.0,0.0,0,0.0,0.0
2011-04-20,1.16,5967350,6922125.999999999,2199602.035006685,0.6822360594119948,1346447.2050773632,5387.0,0.0,0,0.0,0.0
2011-04-21,1.18,5974700,7050146.0,2222240.0982629615,0.6847951661904644,823861.8409350766,4047.0,0.0,0,0.0,0.0
2011-04-22,1.29,5983500,7718715.0,2276672.3855033712,0.705045155119295,2872142.282310885,4248.0,0.0,0,0.0,0.0
2011-04-23,1.55,5992100,9287755.0,2370753.4626587993,0.7447441860106345,4544077.721838828,4936.0,0.0,0,0.0,0.0
2011-04-24,1.67,6000200,10020334.0,2412919.6845101127,0.7591976789885334,1788787.169132217,4657.0,0.0,0,0.0,0.0
2011-04-25,1.58,6009800,9495484.0,2438111.505389934,0.7432346254925042,2010057.783678844,5074.0,0.0,0,0.0,0.0
2011-04-26,1.67,6019550,10052648.5,2477987.29463112,0.753499061005553,1691586.8259927551,6147.0,0.0,0,0.0,0.0
2011-04-27,1.89,6028700,11394243.0,2531243.5384723293,0.7778489068144037,2135418.342669504,7489.0,0.0,0,0.0,0.0
2011-04-28,2.03,6036900,12254906.999999998,2615484.615987374,0.7865765430951558,3620579.6342550768,6221.0,0.0,0,0.0,0.0
2011-04-29,2.59,6046900,15661471.0,3387845.5443769223,0.7836828006528299,27484454.09429041,6747.0,0.0,0,0.0,0.0
2011-04-30,3.29,6056350,19925391.5,3812753.460367595,0.8086485045793156,3623461.9261576654,8157.0,0.0,0,0.0,0.0
2011-05-01,3.14,6065300,19045042.0,3898128.4646809692,0.7953205634998878,2451053.8848325107,7490.0,0.0,0,0.0,0.0
2011-05-02,3.24,6075150,19683486.0,3969001.1179544893,0.7983588314613331,2647371.4861609954,5987.0,0.0,0,0.0,0.0
2011-05-03,3.32,6084950,20202034.0,4103042.7554144454,0.7968995223246113,3848011.433609992,6050.0,0.0,0,0.0,0.0
2011-05-04,3.44,6094800,20966112.0,4412131.626856911,0.789558902153298,9052757.345060768,6372.0,0.0,0,0.0,0.0
2011-05-05,3.41,6105750,20820607.5,4488080.940841475,0.784440442439469,1340440.1955997543,7096.0,0.0,0,0.0,0.0
2011-05-06,3.48,6116650,21285942.0,4680116.25187308,0.7801311188448657,4025460.322726565,6852.0,0.0,0,0.0,0.0
2011-05-07,3.61,6127350,22119733.5,4762845.710117531,0.7846788836711107,1688676.4600458022,7278.0,0.0,0,0.0,0.0
2011-05-08,3.77,6138300,23141391.0,4920287.753721447,0.7873815038291585,2910571.803512368,6400.0,0.0,0,0.0,0.0
2011-05-09,3.8,6150250,23370950.0,5019055.235536651,0.785243850355392,1845400.8029461608,7565.0,0.0,0,0.0,0.0
2011-05-10,4.74,6159400,29195556.0,5659799.121528691,0.8061417593304716,4239934.800917068,7165.0,0.0,0,0.0,0.0
2011-05-11,5.35,6168950,33003882.499999996,5933091.757558583,0.8202304908351742,5801867.982556856,7085.0,0.0,0,0.0,0.0
2011-05-12,5.83,6177400,36014242.0,6395033.138619421,0.822430439085198,10306392.711434953,7229.0,0.0,0,0.0,0.0
2011-05-13,7.48,6187750,46284370.0,7508536.223015146,0.8377738268228531,7699509.314186518,9451.0,0.0,0,0.0,0.0
2011-05-14,7.86,6199850,48730821.0,7636334.187671082,0.8432955975096115,4066469.82346957,8975.0,0.0,0,0.0,0.0
2011-05-15,6.74,6210850,41861129.0,8106025.713700655,0.806359123431653,2979927.0849832054,8317.0,0.0,0,0.0,0.0
2011-05-16,7.77,6223200,48354264.0,8824917.262197414,0.8174945385954502,14611130.133164791,11771.0,0.0,0,0.0,0.0
2011-05-17,7.52,6236050,46895096.0,9084769.439094061,0.8062746382032343,1902023.0312560955,10497.0,0.0,0,0.0,0.0
2011-05-18,7.14,6250449,44628212.928599924,9261256.314164018,0.7924797856239285,2166691.011003145,12939.0,0.0,0,0.0,0.0
2011-05-19,6.96,6258999,43562639.93039993,9448281.174960898,0.7831104545074306,5366832.567535339,11998.0,0.0,0,0.0,0.0
2011-05-20,6.28,6269999,39375599.937199935,9597063.866260428,0.7562687582775434,2980977.274861989,11600.0,0.0,0,0.0,0.0
2011-05-21,5.97,6280999,37497569.940299936,9504512.526546558,0.7465299073598971,4005004.241219501,10772.0,0.0,0,0.0,0.0
2011-05-22,6.47,6293599,40719591.93529993,9830574.379942536,0.7585787599354505,1271135.375243367,10834.0,0.0,0,0.0,0.0
2011-05-23,7.1,6307899,44786089.92899992,10052234.92564493,0.7755500660678151,1604378.0225377553,12092.0,0.0,0,0.0,0.0
2011-05-24,7.23,6322849,45714205.42769993,10292984.156053703,0.7748405761457947,3680952.2152412673,13185.0,0.0,0,0.0,0.0
2011-05-25,7.98,6338199,50578835.92019992,10580290.77509708,0.7908158504914983,2474182.204607646,14562.0,0.0,0,0.0,0.0
2011-05-26,8.55,6352999,54318149.914499916,10891152.292432155,0.7994933128323499,2009311.9443880997,14476.0,0.0,0,0.0,0.0
2011-05-27,8.67,6361349,55152904.41329991,11539918.041435182,0.7907649984312998,2792331.762747646,10813.0,0.0,0,0.0,0.0
2011-05-28,8.45,6369099,53818894.91549991,11651955.887212146,0.78349693159797,1562154.5823670458,11640.0,0.0,0,0.0,0.0
2011-05-29,8.3,6378099,52938229.91699992,11786402.060387949,0.7773555693330235,869903.8044879311,11196.0,0.0,0,0.0,0.0
2011-05-30,8.72,6385799,55684175.91279992,12012934.880383803,0.784266630807363,2895726.805400752,12750.0,0.0,0,0.0,0.0
2011-05-31,8.88,6393299,56772503.91119991,12235186.167669365,0.7844874662071115,1989003.9746626755,14046.0,0.0,0,0.0,0.0
2011-06-01,9.21,6402699,58968866.907899916,12483797.709699357,0.7882984977615887,1838547.7162542285,13981.0,0.0,0,0.0,0.0
2011-06-02,10.11,6412199,64827341.8988999,12998092.63698036,0.7994967515828235,12677111.398536962,15519.0,0.0,0,0.0,0.0
2011-06-03,13.08,6422299,84003683.86919987,14365850.622507123,0.8289854687221117,16289395.56291166,17815.0,0.0,0,0.0,0.0
2011-06-04,16.41,6433499,105573734.83589983,15321568.812738229,0.8548732898712588,2634900.1758566154,19418.0,0.0,0,0.0,0.0
2011-06-05,17.32,6443899,111608347.82679982,16326951.570845995,0.8537120933267188,9289358.321099576,17861.0,0.0,0,0.0,0.0
2011-06-06,18.46,6455549,119169452.81539983,19832953.60990679,0.8335735111528191,10370346.252882522,20962.0,0.0,0,0.0,0.0
2011-06-07,19.9,6464049,128634594.80099979,20902396.62689037,0.8375056363396893,4431601.697838202,18964.0,0.0,0,0.0,0.0
2011-06-08,27.25,6473299,176397424.72749972,25523929.178385116,0.8553044115138603,22142381.083560016,27306.0,0.0,0,0.0,0.0
2011-06-09,29.58,6484399,191808551.7041997,28301764.426877644,0.8524478487772348,10671373.762792084,26278.0,0.0,0,0.0,0.0
2011-06-10,24.67,6495549,160245218.25329977,30503256.949501697,0.8096463827002615,15113989.52649728,24145.0,0.0,0,0.0,0.0
2011-06-11,17.61,6508149,114608521.32389982,30285699.284893196,0.735746531452914,18517129.76479119,23770.0,0.0,0,0.0,0.0
2011-06-12,16.21,6519799,105685957.83789985,34173583.804988526,0.6766497224030117,12004931.166900937,27014.0,0.0,0,0.0,0.0
2011-06-13,20.11,6531149,131341426.2988998,35415751.17164051,0.7303535360500559,15913417.380742587,25809.0,0.0,0,0.0,0.0
2011-06-14,19.25,6543499,125962374.80749981,38151965.46403405,0.6971161783640611,52402875.11557336,29778.0,0.0,0,0.0,0.0
2011-06-15,19.68,6557449,129050615.8031998,40740928.76435442,0.6843027171099771,21686875.45141555,27541.0,0.0,0,0.0,0.0
2011-06-16,18.86,6566449,123843246.8113998,41564313.24020944,0.6643796548429685,19951662.230442133,28868.0,0.0,0,0.0,0.0
2011-06-17,15.51,6575749,101989882.34489985,41914452.88159716,0.5890332264542204,7579124.754762284,26054.0,0.0,0,0.0,0.0
2011-06-18,16.04,6585599,105633023.83959983,42360929.071658805,0.5989802475409353,1562801.118165891,26115.0,0.0,0,0.0,0.0
2011-06-19,17.77,6596749,117224247.32229982,43008524.68245087,0.6331089713529833,18506660.52818805,27766.0,0.0,0,0.0,0.0
2011-06-20,17.51,6608449,115713959.32489984,43418903.96577657,0.6247738456181794,2477823.7366018207,25961.0,0.0,0,0.0,0.0
2011-06-21,17.51,6621099,115935460.82489984,44033512.93449598,0.6201894345251203,2248920.640473709,24996.0,0.0,0,0.0,0.0
2011-06-22,17.51,6634099,116163090.82489984,44298291.87390475,0.6186543285019986,723810.2066540229,26764.0,0.0,0,0.0,0.0
2011-06-23,17.51,6646099,116373210.82489984,44594694.0144295,0.6167958785503599,2510238.3423994086,24369.0,0.0,0,0.0,0.0
2011-06-24,17.51,6656899,116562318.82489984,44966411.09697772,0.6142285813263001,3011939.71426896,25212.0,0.0,0,0.0,0.0
2011-06-25,17.51,6664049,116687515.32489984,45159707.935482435,0.6129859496130188,1034277.878884182,22628.0,0.0,0,0.0,0.0
2011-06-26,15.59,6671499,104008684.84409985,45488308.66097274,0.5626489390846944,6591096.621858406,23539.0,0.0,0,0.0,0.0
2011-06-27,17.01,6679949,113625949.32989983,46289294.936957486,0.5926168695624108,12957818.238444297,30137.0,0.0,0,0.0,0.0
2011-06-28,16.93,6687949,113226993.33069983,46910246.98390044,0.5856973182455653,8353572.569927225,26180.0,0.0,0,0.0,0.0
2011-06-29,16.88,6696549,113037763.83119982,47284917.940601155,0.5816891953806509,2791208.119574709,24333.0,0.0,0,0.0,0.0
2011-06-30,16.51,6706099,110717710.83489984,47715435.08627613,0.5690352092139217,2396909.307074504,23459.0,0.0,0,0.0,0.0
2011-07-01,15.9,6714749,106764524.84099984,47697735.65999534,0.5532435916234378,1549223.502244598,30214.0,0.0,0,0.0,0.0
2011-07-02,15.53,6723199,104411295.84469984,47728278.09798786,0.5428820444008439,862636.7169205603,32230.0,0.0,0,0.0,0.0
2011-07-03,15.48,6731449,104202845.84519985,47903183.45520719,0.5402891056701992,1220926.2921421083,22246.0,0.0,0,0.0,0.0
2011-07-04,14.48,6739949,97594475.85519986,47800312.7918249,0.5102149750489378,1215137.337605652,23558.0,0.0,0,0.0,0.0
2011-07-05,12.8,6746899,86360319.87199987,47963118.02829207,0.4446162531660228,5822300.890038297,23298.0,0.0,0,0.0,0.0
2011-07-06,14.8,6754749,99970299.85199985,48137287.81574689,0.5184841109108274,1236804.382440636,26919.0,0.0,0,0.0,0.0
2011-07-07,15.16,6761299,102501307.84839985,48285385.7444487,0.5289290765356562,1087761.5683092312,22941.0,0.0,0,0.0,0.0
2011-07-08,14.35,6769549,97143042.35649985,48357130.16976307,0.502206962056017,1248839.875749185,24626.0,0.0,0,0.0,0.0
2011-07-09,14.39,6776999,97521029.85609986,48436716.67853342,0.5033202915309067,528143.3015684208,22762.0,0.0,0,0.0,0.0
2011-07-10,15.08,6783849,102300457.84919985,48756087.816109866,0.5234030341488719,4996402.031397358,28708.0,0.0,0,0.0,0.0
2011-07-11,14.37,6791699,97596728.85629985,48903719.46279967,0.4989205064976628,2298918.346957027,25850.0,0.0,0,0.0,0.0
2011-07-12,14.15,6798749,96202312.35849985,49004722.80618091,0.4906076412845065,955169.4672134452,23044.0,0.0,0,0.0,0.0
2011-07-13,14.03,6808299,95520448.85969986,49165356.73789807,0.48528972251677766,666720.0833377932,27175.0,0.0,0,0.0,0.0
2011-07-14,13.93,6815499,94939914.86069986,49280027.73865537,0.48093456992286904,991047.1757447124,28843.0,0.0,0,0.0,0.0
2011-07-15,13.9,6823599,94848039.86099987,49396039.66834148,0.4792086400443114,690232.4781615499,24433.0,0.0,0,0.0,0.0
2011-07-16,13.62,6831449,93044348.86379986,49484617.239197314,0.46816095933312546,481527.78284373175,24053.0,0.0,0,0.0,0.0
2011-07-17,13.34,6839949,91244932.86659987,49593405.0349572,0.4564804479886814,1147117.6335978734,24674.0,0.0,0,0.0,0.0
2011-07-18,13.03,6848449,89235303.36969987,48157906.6051323,0.4603267452835884,13234920.0225301,27882.0,0.0,0,0.0,0.0
2011-07-19,14.04,6855549,96251921.85959986,48339648.69117198,0.49777991174364544,1755235.5676617834,24900.0,0.0,0,0.0,0.0
2011-07-20,13.69,6862999,93954469.86309986,47915503.56820722,0.49001358170585785,4705057.952591189,25886.0,0.0,0,0.0,0.0
2011-07-21,13.66,6870599,93852395.86339986,48001658.631587856,0.48854093505025453,341279.7203307358,25435.0,0.0,0,0.0,0.0
2011-07-22,13.65,6878149,93886747.36349986,48088189.3232378,0.4878064191844297,593027.8711189349,24454.0,0.0,0,0.0,0.0
2011-07-23,13.64,6885449,93917537.86359987,48192345.41775624,0.48686532341011884,417799.5623268877,21907.0,0.0,0,0.0,0.0
2011-07-24,13.86,6893749,95547374.86139986,48343503.80136494,0.49403629485905204,800401.8210621232,23227.0,0.0,0,0.0,0.0
2011-07-25,14.2,6901999,98008399.85799985,48489531.20549678,0.505251271567017,951322.9253299704,26960.0,0.0,0,0.0,0.0
2011-07-26,13.91,6910799,96129227.86089987,48620955.172588095,0.49421256932445984,678724.2836121047,23820.0,0.0,0,0.0,0.0
2011-07-27,13.96,6919499,96596219.86039987,48768957.73817647,0.4951256083451609,719762.644770527,23479.0,0.0,0,0.0,0.0
2011-07-28,13.61,6927249,94279872.36389986,48793032.352842644,0.48246607542581177,1601692.2518918903,25901.0,0.0,0,0.0,0.0
2011-07-29,13.51,6935449,93697929.36489986,48916214.52183755,0.47793708085760506,933174.6176414668,22221.0,0.0,0,0.0,0.0
2011-07-30,13.53,6943049,93939466.36469986,49068646.97088049,0.4776567414127947,1653356.6956109132,19760.0,0.0,0,0.0,0.0
2011-07-31,13.52,6951799,93988335.86479986,49131797.47883949,0.47725643797423445,1778972.0344859168,24137.0,0.0,0,0.0,0.0
2011-08-01,13.17,6960049,91663858.36829987,49166842.406064436,0.4636180138903272,1450966.705802495,23757.0,0.0,0,0.0,0.0
2011-08-02,12.39,6967749,86330422.37609988,49188839.67206683,0.43022588887872165,1477266.6278052856,21703.0,0.0,0,0.0,0.0
2011-08-03,10.45,6975599,72895019.89549989,48760854.87495175,0.3310811226219041,2166764.3950951663,18410.0,0.0,0,0.0,0.0
2011-08-04,10.58,6982049,73870088.8941999,48803915.15025182,0.33932778637709493,2653481.08898555,18966.0,0.0,0,0.0,0.0
2011-08-05,10.27,6989049,71777543.3972999,48647775.77324619,0.3222423968458608,1963349.2394859972,21510.0,0.0,0,0.0,0.0
2011-08-06,7.82,6995149,54702072.92179992,48133032.033049196,0.1200876043242746,2923273.504957871,20231.0,0.0,0,0.0,0.0
2011-08-07,7.72,7001449,54051193.92279992,47989153.97888062,0.11215367328569233,1836385.9026346784,20060.0,0.0,0,0.0,0.0
2011-08-08,7.74,7008249,54243854.92259993,47253940.816628054,0.12886093947315727,2994062.4184929025,24628.0,0.0,0,0.0,0.0
2011-08-09,9.72,7015549,68191145.9027999,47457799.609927416,0.3040474832674895,558178.1108208155,23668.0,0.0,0,0.0,0.0
2011-08-10,10.0,7023149,70231499.8999999,47505318.85215236,0.323589572772994,825339.9219109169,19710.0,0.0,0,0.0,0.0
2011-08-11,9.47,7029999,66574099.90529991,47469228.1673529,0.28697153645521667,921926.9651957648,18290.0,0.0,0,0.0,0.0
2011-08-12,9.32,7036549,65580645.906799905,47513316.2307124,0.27549789158472054,376179.9771319711,17126.0,0.0,0,0.0,0.0
2011-08-13,9.8,7043049,69021889.9019999,47600875.94174555,0.3103510203888764,1005135.3080785524,19184.0,0.0,0,0.0,0.0
2011-08-14,10.61,7049649,74796786.39389989,47691439.99789772,0.36238651020724555,693408.7726065784,21506.0,0.0,0,0.0,0.0
2011-08-15,11.3,7056099,79733929.88699989,47840611.73544554,0.3999968168727421,1176206.096257036,19220.0,0.0,0,0.0,0.0
2011-08-16,11.05,7063449,78051122.38949989,47978736.09353924,0.38529088852675164,783127.7872892176,20992.0,0.0,0,0.0,0.0
2011-08-17,10.88,7070249,76924319.8911999,48105818.513322994,0.3746344643493394,907364.0225749352,20363.0,0.0,0,0.0,0.0
2011-08-18,10.9,7077449,77144204.8909999,48202611.479358256,0.37516224909614876,1202485.3507702665,20675.0,0.0,0,0.0,0.0
2011-08-19,11.4,7083999,80757599.88599989,48336995.101379514,0.401455774198173,843076.4357026285,22233.0,0.0,0,0.0,0.0
2011-08-20,11.49,7091599,81482483.88509989,48446459.91026239,0.4054371246392325,889210.6746045055,21113.0,0.0,0,0.0,0.0
2011-08-21,11.38,7099599,80793447.88619989,48527234.08611471,0.3993667140624219,398906.833094532,22784.0,0.0,0,0.0,0.0
2011-08-22,11.03,7108049,78401791.38969989,48609489.87515352,0.37999516320312504,951393.7546518968,25202.0,0.0,0,0.0,0.0
2011-08-23,11.03,7115799,78487273.88969989,48659061.81320007,0.38003883430093577,563268.8441365462,22694.0,0.0,0,0.0,0.0
2011-08-24,10.94,7122499,77920149.89059989,48725453.50025993,0.37467454094132774,790288.1151852239,22129.0,0.0,0,0.0,0.0
2011-08-25,10.01,7129249,71363792.3998999,49139141.22982656,0.31142755202152783,13695136.002774602,23113.0,0.0,0,0.0,0.0
2011-08-26,8.65,7136599,61731589.913499914,49208489.50049748,0.20286372715412257,6116276.959743712,21536.0,0.0,0,0.0,0.0
2011-08-27,8.63,7142699,61641500.91369992,46526258.88521824,0.24521210230820795,22702050.17517116,20857.0,0.0,0,0.0,0.0
2011-08-28,8.97,7148499,64122044.91029991,46594838.79676346,0.27334134677169447,1257893.3153391902,18476.0,0.0,0,0.0,0.0
2011-08-29,8.93,7155399,63897721.91069991,46697193.4100078,0.2691884465729571,3097458.325583114,18891.0,0.0,0,0.0,0.0
2011-08-30,8.78,7162699,62888505.91219991,46726271.09848553,0.2569982317003817,393281.0664194896,17534.0,0.0,0,0.0,0.0
2011-08-31,8.35,7170449,59873257.41649991,46743108.823282085,0.2192990520271812,518283.5925681974,17029.0,0.0,0,0.0,0.0
2011-09-01,8.22,7176899,58994117.91779992,46727034.03153789,0.20793740663017457,551475.3544760052,16984.0,0.0,0,0.0,0.0
2011-09-02,8.44,7184699,60638867.91559991,46811113.69237231,0.22803450490655164,2262874.65765884,16099.0,0.0,0,0.0,0.0
2011-09-03,8.53,7191949,61347333.41469991,46859377.79922141,0.23616276061327432,444171.45398294827,14464.0,0.0,0,0.0,0.0
2011-09-04,8.17,7198649,58812970.41829992,46877807.6090937,0.2029341950307706,583267.3978895503,17537.0,0.0,0,0.0,0.0
2011-09-05,7.62,7206449,54913148.923799925,46838448.36394185,0.14704493765351012,2728570.974432757,18243.0,0.0,0,0.0,0.0
2011-09-06,6.73,7213999,48550219.93269993,46746703.54327939,0.037147440154144964,2866571.7140998384,18776.0,0.0,0,0.0,0.0
2011-09-07,7.03,7220799,50762223.929699935,46736578.107170574,0.07930396879585959,3026247.566473286,16824.0,0.0,0,0.0,0.0
2011-09-08,6.8,7227249,49145299.93199993,46614325.23625354,0.05149983211514395,2609061.3386876187,15802.0,0.0,0,0.0,0.0
2011-09-09,5.31,7234949,38417584.44689994,46483094.18439975,-0.2099431771575279,6893727.2782106185,18605.0,0.0,0,0.0,0.0
2011-09-10,5.03,7241599,36425247.94969995,46428592.12050579,-0.2746266596350852,411700.0810984482,15938.0,0.0,0,0.0,0.0
2011-09-11,6.06,7247849,43921970.939399935,44658467.057572365,-0.016768284811002416,10887797.79375104,15421.0,0.0,0,0.0,0.0
2011-09-12,6.04,7254499,43817179.93959994,44602662.13486286,-0.017926352091706416,2074220.534670114,16637.0,0.0,0,0.0,0.0
2011-09-13,5.79,7261599,42044663.942099944,44514152.42762823,-0.05873488462005633,6483347.180425595,14870.0,0.0,0,0.0,0.0
2011-09-14,5.55,7268899,40342394.94449994,44504278.32663123,-0.1031640136352069,3623579.8181769177,14793.0,0.0,0,0.0,0.0
2011-09-15,4.97,7276699,36165198.95029995,44455138.5375871,-0.22922422184596872,443378.31498651823,15457.0,0.0,0,0.0,0.0
2011-09-16,4.81,7282649,35029546.451899946,44373505.779444516,-0.2667450844781854,1447560.785106955,14561.0,0.0,0,0.0,0.0
2011-09-17,4.77,7289349,34770199.45229995,44367774.20091654,-0.2760287516263223,1458394.5530048097,13124.0,0.0,0,0.0,0.0
2011-09-18,5.11,7297249,37288947.448899955,44406767.31325078,-0.19088283127607575,401912.99092701095,14359.0,0.0,0,0.0,0.0
2011-09-19,5.26,7303599,38416935.947399944,44400053.624632716,-0.155741667826523,749750.2438651883,16062.0,0.0,0,0.0,0.0
2011-09-20,6.1,7310599,44594659.938999936,44433408.6443636,0.0036159328237262284,2080430.5521004724,21913.0,0.0,0,0.0,0.0
2011-09-21,5.62,7317899,41126597.94379994,44427384.29308928,-0.08025916351748581,541676.0741836675,17933.0,0.0,0,0.0,0.0
2011-09-22,5.49,7325299,40215896.94509995,44388433.75382275,-0.10375341906258785,654222.5828021375,17540.0,0.0,0,0.0,0.0
2011-09-23,5.59,7331949,40985600.44409994,44394841.331868485,-0.08318143081540043,1640646.8494565135,19994.0,0.0,0,0.0,0.0
2011-09-24,5.41,7338399,39700743.94589995,44409701.45783444,-0.11861131666326877,204772.0731616256,19433.0,0.0,0,0.0,0.0
2011-09-25,5.32,7345249,39076729.94679995,44179415.822982736,-0.1305811894477791,2727184.8169465736,19237.0,0.0,0,0.0,0.0
2011-09-26,4.95,7351949,36392152.45049995,44160195.529262014,-0.21345379582392207,555162.8902240184,17763.0,0.0,0,0.0,0.0
2011-09-27,4.84,7358599,35615623.95159995,44159718.882324316,-0.2398973816192414,1574415.1951024423,18692.0,0.0,0,0.0,0.0
2011-09-28,4.74,7365949,34914602.95259996,44154453.74655388,-0.26464143975797005,684461.1182553556,13750.0,0.0,0,0.0,0.0
2011-09-29,4.7,7372199,34649339.95299996,44163567.90311836,-0.27458612380564706,224748.9711219058,12797.0,0.0,0,0.0,0.0
2011-09-30,5.01,7378299,36965282.94989995,44201023.97447711,-0.19574423478332248,1431717.7314595487,13468.0,0.0,0,0.0,0.0
2011-10-01,5.05,7385449,37296522.44949995,44166182.78676241,-0.1841903718118514,1385344.296887112,12999.0,0.0,0,0.0,0.0
2011-10-02,4.98,7391499,36809669.950199954,44136688.5008574,-0.1990514601345303,801196.6510393526,11839.0,0.0,0,0.0,0.0
2011-10-03,4.94,7398749,36549824.95059995,44135596.12838326,-0.20754603306680913,488706.8629196795,13848.0,0.0,0,0.0,0.0
2011-10-04,4.9,7404349,36281314.95099995,44129949.7611996,-0.21632718717057775,922806.3670871978,13799.0,0.0,0,0.0,0.0
2011-10-05,4.86,7411599,36020375.95139995,44128301.15808142,-0.22509274244169428,579502.7810988826,13654.0,0.0,0,0.0,0.0
2011-10-06,4.68,7417999,34716239.95319995,44127498.53962751,-0.27109095337267586,8325926.990361458,14442.0,0.0,0,0.0,0.0
2011-10-07,4.29,7424899,31852820.957099956,44038078.56866649,-0.3825487741879406,1202373.7040490657,13746.0,0.0,0,0.0,0.0
2011-10-08,4.03,7430849,29946325.459699962,44008607.711760595,-0.46958289660562336,527104.0674285337,12497.0,0.0,0,0.0,0.0
2011-10-09,4.19,7437199,31161867.95809996,43968621.6097572,-0.4109751594120453,2241173.6124699693,12276.0,0.0,0,0.0,0.0
2011-10-10,4.1,7443349,30517734.958999958,43963428.07002913,-0.44058620762953826,1073330.7763710986,13349.0,0.0,0,0.0,0.0
2011-10-11,3.95,7447999,29419599.96049996,43857737.07133406,-0.49076592238573497,1500106.1558437126,13715.0,0.0,0,0.0,0.0
2011-10-12,4.07,7453999,30337779.959299963,43808411.326579325,-0.44402165832012297,1420727.457768137,13584.0,0.0,0,0.0,0.0
2011-10-13,4.08,7458849,30432107.95919996,43790495.858529344,-0.43895703568214356,707661.4462224796,11659.0,0.0,0,0.0,0.0
2011-10-14,4.0,7465799,29863199.95999996,43751111.94138154,-0.4650510327086058,1280374.5453768084,14554.0,0.0,0,0.0,0.0
2011-10-15,3.89,7472499,29068024.961099964,43740457.55751743,-0.5047619374227429,781399.5595526303,13158.0,0.0,0,0.0,0.0
2011-10-16,3.64,7478449,27221557.963599965,43717129.14152516,-0.605974544145588,2191608.238405211,11983.0,0.0,0,0.0,0.0
2011-10-17,2.85,7484349,21330397.471499972,43435891.822578125,-1.0363376669663003,6883045.597381711,14144.0,0.0,0,0.0,0.0
2011-10-18,2.62,7490349,19624716.973799974,43304687.4813563,-1.2066401028443023,2986702.7194200703,12316.0,0.0,0,0.0,0.0
2011-10-19,2.28,7496999,17093159.977199975,43068100.59513532,-1.5196102214325788,3094834.8853328265,12555.0,0.0,0,0.0,0.0
2011-10-20,2.31,7502749,17331352.476899978,43046657.08115025,-1.48374482825416,490872.043293912,11118.0,0.0,0,0.0,0.0
2011-10-21,2.54,7508799,19072351.974599976,43019753.37805892,-1.2556081932292054,620915.6366919277,12051.0,0.0,0,0.0,0.0
2011-10-22,3.01,7513699,22616236.969899967,42987394.2759696,-0.9007315113111736,2939125.8688470586,12109.0,0.0,0,0.0,0.0
2011-10-23,3.08,7519099,23158827.96919997,42985139.9490833,-0.8561016993714572,715170.1274908932,13218.0,0.0,0,0.0,0.0
2011-10-24,2.81,7525449,21146514.47189997,42921675.62625183,-1.0297281466071986,387845.8009502815,13953.0,0.0,0,0.0,0.0
2011-10-25,2.74,7531899,20637405.972599976,42923052.67976932,-1.07986666234883,425398.1226897994,13107.0,0.0,0,0.0,0.0
2011-10-26,2.75,7537749,20728812.472499974,42795644.11764673,-1.0645487615087394,1524143.9389872777,12447.0,0.0,0,0.0,0.0
2011-10-27,2.92,7542749,22024829.97079997,42805848.82428391,-0.9435268685858167,2164337.0048322133,11458.0,0.0,0,0.0,0.0
2011-10-28,3.11,7547999,23474279.96889997,42839768.1289537,-0.8249662262574277,704303.9150271835,12708.0,0.0,0,0.0,0.0
2011-10-29,3.54,7553649,26739920.964599963,42861733.238653034,-0.6029117399186097,747528.9445650618,12873.0,0.0,0,0.0,0.0
2011-10-30,3.38,7559199,25550095.966199964,42867861.14601358,-0.6777964827499341,2182122.0426275404,11401.0,0.0,0,0.0,0.0
2011-10-31,3.19,7565749,24134742.468099967,42867179.30723911,-0.7761606266940155,380881.8646092535,12022.0,0.0,0,0.0,0.0
2011-11-01,3.19,7573249,24158667.468099967,42861555.94186415,-0.7741688774209171,2181568.9996595234,12768.0,0.0,0,0.0,0.0
2011-11-02,3.23,7580949,24486468.467699967,42878170.24837502,-0.751096541542342,325990.4042202347,13117.0,0.0,0,0.0,0.0
2011-11-03,3.21,7587199,24354911.967899967,42800538.27870893,-0.75736780880672,3631949.541683235,13114.0,0.0,0,0.0,0.0
2011-11-04,3.13,7594549,23770941.46869997,42786217.52289116,-0.7999378602328084,2614063.201232167,15815.0,0.0,0,0.0,0.0
2011-11-05,3.01,7601849,22881568.469899967,42781828.48244912,-0.8697069887812701,374544.7009909067,13495.0,0.0,0,0.0,0.0
2011-11-06,2.96,7609049,22522787.97039997,42791882.936907806,-0.8999372099558015,241053.0296331648,11541.0,0.0,0,0.0,0.0
2011-11-07,3.0,7615649,22846949.96999997,42795460.59579088,-0.8731367054239203,780333.7809314834,12641.0,0.0,0,0.0,0.0
2011-11-08,3.09,7623099,23555378.96909997,42769975.21659817,-0.8157201067621954,1095464.2189849468,13738.0,0.0,0,0.0,0.0
2011-11-09,3.0,7631149,22893449.96999997,41506807.796915814,-0.8130429381026957,16397403.0270668,14341.0,0.0,0,0.0,0.0
2011-11-10,2.87,7638199,21921633.971299972,41505986.25179208,-0.8933801333482779,4703222.8884711405,14362.0,0.0,0,0.0,0.0
2011-11-11,2.97,7644149,22703125.47029997,41494133.5296528,-0.8276837514700369,938422.7215658925,12128.0,0.0,0,0.0,0.0
2011-11-12,3.06,7651299,23412977.96939997,41510630.67155586,-0.7729752586710225,4057732.3436592286,12259.0,0.0,0,0.0,0.0
2011-11-13,3.0,7658499,22975499.96999997,41520877.83338158,-0.8071806005352246,552432.8871190393,12538.0,0.0,0,0.0,0.0
2011-11-14,2.51,7665649,19240781.474899974,41426102.197878435,-1.1530363645530564,4428698.315171291,13718.0,0.0,0,0.0,0.0
2011-11-15,2.3,7673899,17649969.976999976,41417247.24297444,-1.346590237657405,4178146.805164952,14168.0,0.0,0,0.0,0.0
2011-11-16,2.46,7680649,18894398.975399975,38900072.35647232,-1.0588150174620121,52199911.02654645,13156.0,0.0,0,0.0,0.0
2011-11-17,2.23,7687599,17143347.977699976,38714236.9674614,-1.2582658310279171,5904344.890350251,12196.0,0.0,0,0.0,0.0
2011-11-18,2.14,7694249,16465694.978599979,38356314.79821504,-1.3294683187114609,3273743.516035865,12421.0,0.0,0,0.0,0.0
2011-11-19,2.17,7700399,16709867.978299977,38394103.83537606,-1.2976904356896175,648300.7901468894,10092.0,0.0,0,0.0,0.0
2011-11-20,2.28,7707549,17573213.977199975,38360807.8465487,-1.182913603414787,3350005.111870119,11420.0,0.0,0,0.0,0.0
2011-11-21,2.23,7713449,17200993.477699976,38383201.41943125,-1.231452588432912,3241481.1947926627,10158.0,0.0,0,0.0,0.0
2011-11-22,2.31,7720449,17834239.476899978,38368971.760328665,-1.15142180915685,5297083.905991656,11490.0,0.0,0,0.0,0.0
2011-11-23,2.32,7727149,17926987.976799976,38355073.312177934,-1.1395157603616821,899388.0546860945,11499.0,0.0,0,0.0,0.0
2011-11-24,2.42,7732799,18713375.975799974,38421837.56981996,-1.0531750988975397,6346942.176272667,10946.0,0.0,0,0.0,0.0
2011-11-25,2.47,7739549,19116688.475299977,38445422.608636394,-1.0110921752117485,1858954.8825779436,11682.0,0.0,0,0.0,0.0
2011-11-26,2.48,7745549,19208963.975199975,38288030.96644388,-0.9932376892307272,3640062.84598862,10288.0,0.0,0,0.0,0.0
2011-11-27,2.46,7751249,19068074.975399975,38292311.516579606,-1.0081896870020242,883037.8955951274,10752.0,0.0,0,0.0,0.0
2011-11-28,2.51,7757599,19471575.974899974,37907151.2031324,-0.9467942015580548,7976912.011712493,12621.0,0.0,0,0.0,0.0
2011-11-29,2.79,7764499,21662954.97209997,38053924.61318877,-0.7566359096530906,5235420.2587573845,14376.0,0.0,0,0.0,0.0
2011-11-30,2.91,7772599,22618265.970899973,38215875.10572244,-0.6896023397589327,4438176.349817462,15435.0,0.0,0,0.0,0.0
2011-12-01,3.05,7781699,23734184.969499968,38297153.44666323,-0.6135862047033703,3002678.431027234,14028.0,0.0,0,0.0,0.0
2011-12-02,3.1,7788999,24145899.96899997,38328645.013217054,-0.5873769485679053,697212.176663767,13328.0,0.0,0,0.0,0.0
2011-12-03,2.93,7796599,22844037.970699973,38176256.67790051,-0.6711693758724186,749372.9445126287,12858.0,0.0,0,0.0,0.0
2011-12-04,2.75,7803399,21459349.972499974,38200328.97777089,-0.7801251681306459,4178194.029180912,11873.0,0.0,0,0.0,0.0
2011-12-05,2.87,7811299,22418430.971299972,38213514.954224095,-0.7045579596156821,2685608.3247174597,13078.0,0.0,0,0.0,0.0
2011-12-06,2.98,7819849,23303152.97019997,38301126.10555871,-0.6436027414203616,997402.992247354,15244.0,0.0,0,0.0,0.0
2011-12-07,3.0,7826749,23480249.96999997,38100189.64724589,-0.6226483830421479,3457977.3126532207,12910.0,0.0,0,0.0,0.0
2011-12-08,2.95,7834949,23113102.47049997,38138285.040221326,-0.6500720787656483,5101683.850844406,14059.0,0.0,0,0.0,0.0
2011-12-09,2.99,7842299,23448476.97009997,38140432.037992835,-0.626563298188924,608951.9419771922,11780.0,0.0,0,0.0,0.0
2011-12-10,3.04,7849499,23862479.96959997,38184174.14327331,-0.6001762680123238,831718.5863189467,11947.0,0.0,0,0.0,0.0
2011-12-11,3.2,7857099,25142719.96799997,38294968.31069529,-0.5231036403155528,6197836.834919135,12136.0,0.0,0,0.0,0.0
2011-12-12,3.18,7863449,25005770.96819997,38326277.2138648,-0.532697282663455,989211.733125548,11359.0,0.0,0,0.0,0.0
2011-12-13,3.21,7870049,25262860.467899967,38352950.87730339,-0.5181555123591897,826040.0006985198,11983.0,0.0,0,0.0,0.0
2011-12-14,3.12,7877699,24578423.96879997,38318075.97811342,-0.5590127351841054,1586808.190673304,11973.0,0.0,0,0.0,0.0
2011-12-15,3.17,7883299,24990060.968299966,38345905.24140894,-0.5344462460516176,1267394.4224360932,10026.0,0.0,0,0.0,0.0
2011-12-16,3.18,7889199,25087655.96819997,38370120.013870426,-0.5294422110422248,2854210.396922902,10633.0,0.0,0,0.0,0.0
2011-12-17,3.19,7896699,25190472.968099967,38387684.22368145,-0.5238969221536178,724761.8279062851,10215.0,0.0,0,0.0,0.0
2011-12-18,3.2,7903899,25292479.96799997,38403616.42759601,-0.5183808181793262,603475.5721468492,9874.0,0.0,0,0.0,0.0
2011-12-19,3.41,7911849,26979408.465899967,38510572.62927985,-0.42740611522133437,6952190.45034478,12720.0,0.0,0,0.0,0.0
2011-12-20,3.97,7918549,31436643.46029996,38674405.556179956,-0.23023329780802665,6240131.80979321,13691.0,0.0,0,0.0,0.0
2011-12-21,3.93,7925999,31149179.96069996,38744902.50326437,-0.24384983977580518,1149223.3558453636,11883.0,0.0,0,0.0,0.0
2011-12-22,3.79,7933399,30067585.962099962,38812902.99124751,-0.29085530977348756,1092727.0875416405,12034.0,0.0,0,0.0,0.0
2011-12-23,3.9,7940499,30967949.960999962,38880549.48775582,-0.25550931000343036,990279.6688116504,12106.0,0.0,0,0.0,0.0
2011-12-24,3.92,7947749,31155179.96079996,38904110.36219184,-0.24872045069685794,1579816.869237158,10250.0,0.0,0,0.0,0.0
2011-12-25,4.14,7956449,32939702.958599955,38945238.44065668,-0.18231905398797127,1708555.632060112,11801.0,0.0,0,0.0,0.0
2011-12-26,4.04,7965299,32179811.95959996,38998107.60450694,-0.21188115248985873,2160282.497009604,12175.0,0.0,0,0.0,0.0
2011-12-27,4.02,7972549,32049650.959799957,39054754.62026304,-0.2185703572637849,739136.5002290054,11746.0,0.0,0,0.0,0.0
2011-12-28,4.14,7980299,33038441.958599955,39124313.454087175,-0.18420576560823745,2618549.2772078463,10806.0,0.0,0,0.0,0.0
2011-12-29,4.22,7987199,33705983.957799956,39161231.716316216,-0.1618480494545495,1801610.79158492,11323.0,0.0,0,0.0,0.0
2011-12-30,4.19,7994299,33496116.95809996,39229591.524083346,-0.17116833491939812,1224025.234363136,10544.0,0.0,0,0.0,0.0
2011-12-31,4.6,8001849,36808509.95399995,39337464.28784447,-0.06870569705225736,1080439.7998835256,10887.0,0.0,0,0.0,0.0
2012-01-01,5.1,8009499,40848449.94899995,39491472.18571577,0.03321981042067419,7200150.177356379,11448.0,0.0,0,0.0,0.0
2012-01-02,5.21,8017049,41768830.447899945,39478248.060670055,0.05483951460137318,3394701.6169620706,11914.0,0.0,0,0.0,0.0
2012-01-03,4.95,8024999,39723749.95049995,39539675.806729026,0.004633856169175916,2033296.604235054,13136.0,0.0,0,0.0,0.0
2012-01-04,5.25,8032449,42170362.447499946,39730750.53096797,0.05785133859281316,1815286.0099827116,12470.0,0.0,0,0.0,0.0
2012-01-05,6.2,8039799,49846759.93799994,40274498.81242579,0.19203376784128506,4092743.61219303,15386.0,0.0,0,0.0,0.0
2012-01-06,6.79,8048349,54648296.43209993,40541809.49637367,0.25813223570936855,2591208.2472417434,14909.0,0.0,0,0.0,0.0
2012-01-07,6.72,8057549,54146735.93279993,40712302.09246183,0.24811161021804184,2100742.925841542,13423.0,0.0,0,0.0,0.0
2012-01-08,7.03,8065699,56701870.929699935,40921963.522762164,0.27829606233808407,2652942.0898987283,14671.0,0.0,0,0.0,0.0
2012-01-09,6.47,8073899,52238132.93529993,41085922.98813139,0.21348791238349246,2934342.8761682888,14840.0,0.0,0,0.0,0.0
2012-01-10,6.4,8080949,51718079.93599994,41138704.36827545,0.2045585524601116,4233101.63920348,16090.0,0.0,0,0.0,0.0
2012-01-11,6.81,8088599,55083365.93189993,41307883.70206551,0.2500842495149111,1380555.960082942,16989.0,0.0,0,0.0,0.0
2012-01-12,6.74,8096349,54569398.93259993,41558640.99024545,0.23842589797304542,10154458.028761642,13881.0,0.0,0,0.0,0.0
2012-01-13,6.61,8103349,53563143.43389994,41644148.69891254,0.22252231610895165,2510292.9925843384,14497.0,0.0,0,0.0,0.0
2012-01-14,6.59,8110849,53450501.434099935,41781771.594434075,0.21830908086152273,1892324.073629192,14566.0,0.0,0,0.0,0.0
2012-01-15,6.9,8117799,56012819.930999935,41894939.471783616,0.2520473076807702,2273254.511488257,13549.0,0.0,0,0.0,0.0
2012-01-16,6.83,8126549,55504336.43169993,41991017.175059095,0.2434642070402816,1949561.2316050932,14849.0,0.0,0,0.0,0.0
2012-01-17,6.04,8134399,49131775.93959994,41937445.114123054,0.14642928507858585,3492833.364215047,14303.0,0.0,0,0.0,0.0
2012-01-18,5.98,8140799,48681983.83853994,41948371.94819497,0.13831835433572015,2230682.3343817526,14743.0,0.0,0,0.0,0.0
2012-01-19,6.18,8148299,50356493.24050679,42125892.439840965,0.16344666339960953,2950377.846444358,15094.0,0.0,0,0.0,0.0
2012-01-20,6.44,8155549,52521738.69618218,42202815.711923,0.19646956175518346,1565586.6653647954,14195.0,0.0,0,0.0,0.0
2012-01-21,6.29,8163749,51349981.508422576,42252167.08503818,0.1771726913259384,1081010.7436231645,13526.0,0.0,0,0.0,0.0
2012-01-22,6.29,8170548,51392752.21643827,42308338.21445891,0.17676449713610892,942596.4851218144,11406.0,0.0,0,0.0,0.0
2012-01-23,6.29,8179048,51446216.15717226,42386195.21332938,0.176106653133902,1103594.5734316846,13221.0,0.0,0,0.0,0.0
2012-01-24,6.3,8185997,51571784.64848539,42444279.28327393,0.17698641665059248,1622069.5471844606,14937.0,0.0,0,0.0,0.0
2012-01-25,5.88,8193397,48177176.38358454,42447604.483986154,0.11892710054196173,1980216.2931282124,16585.0,0.0,0,0.0,0.0
2012-01-26,5.59,8200296,45839658.27692125,42354778.698073156,0.07602324515151579,3346609.1139581343,14442.0,0.0,0,0.0,0.0
2012-01-27,5.29,8207345,43416856.33139908,42320645.275665745,0.025248512867122482,1666490.0788249888,14436.0,0.0,0,0.0,0.0
2012-01-28,5.57,8214592,45755282.69186282,42353933.80868005,0.07433783998427075,2017715.9276103256,13055.0,0.0,0,0.0,0.0
2012-01-29,5.48,8222941,45061720.7957072,42354544.18762655,0.06007708006434042,1611684.745359004,14393.0,0.0,0,0.0,0.0
2012-01-30,5.51,8231541,45355793.17699593,42378921.20401819,0.06563377607268009,1249612.296175111,13509.0,0.0,0,0.0,0.0
2012-01-31,5.53,8239041,45561898.6347146,42376777.2224826,0.06990756548071486,1798977.8710405726,15633.0,0.0,0,0.0,0.0
2012-02-01,5.82,8246091,47992250.23879486,42497262.07359744,0.11449740609902707,2132747.733177965,14975.0,0.0,0,0.0,0.0
2012-02-02,6.03,8254040,49771866.8872211,42577226.16070409,0.14455235811868306,1618885.123229134,16107.0,0.0,0,0.0,0.0
2012-02-03,5.92,8261940,48910689.445191935,42627329.00158714,0.1284659961836312,1304111.3785329985,16555.0,0.0,0,0.0,0.0
2012-02-04,5.92,8269790,48957161.29031627,42667111.98164029,0.12848067867693452,1918228.9250129445,16363.0,0.0,0,0.0,0.0
2012-02-05,5.68,8276890,47012739.50827642,42688136.30362815,0.09198790051124209,1114032.1786837103,14859.0,0.0,0,0.0,0.0
2012-02-06,5.55,8284190,45977258.709671505,42648834.88475917,0.07239282894028183,1841139.547005615,13896.0,0.0,0,0.0,0.0
2012-02-07,5.62,8291040,46595649.048716456,42684186.73782325,0.08394479722352863,1650390.747089454,14709.0,0.0,0,0.0,0.0
2012-02-08,5.64,8298290,46802359.863836445,42712665.41758373,0.08738222726697956,1195540.109984966,14600.0,0.0,0,0.0,0.0
2012-02-09,5.75,8305540,47756859.346996374,42764511.988958605,0.10453676029581202,767140.8143962083,15125.0,0.0,0,0.0,0.0
2012-02-10,5.87,8312440,48794027.2377163,42795293.65215274,0.12293991550110715,2223123.5066915005,16357.0,0.0,0,0.0,0.0
2012-02-11,5.7,8319940,47423661.52484654,42906448.70586528,0.09525229966932372,13415400.200425675,15291.0,0.0,0,0.0,0.0
2012-02-12,5.6,8327840,46635907.303407125,42937685.51059692,0.07929987871255625,1404885.8475325585,14187.0,0.0,0,0.0,0.0
2012-02-13,5.34,8334690,44507247.75003465,42610890.538922146,0.04260782921835535,12499665.3388942,16259.0,0.0,0,0.0,0.0
2012-02-14,4.7,8341590,39205475.70670241,42280684.29384345,-0.0784382418962796,18425251.068608884,18412.0,0.0,0,0.0,0.0
2012-02-15,4.58,8348290,38235170.801851146,42131233.906389065,-0.10189736367934028,1577027.2196363297,17768.0,0.0,0,0.0,0.0
2012-02-16,4.19,8355190,35008247.92580826,42029872.258887015,-0.20057057262504074,2444471.1760005075,18668.0,0.0,0,0.0,0.0
2012-02-17,4.46,8362790,37298045.260951765,42019706.01862352,-0.12659271349576542,1117265.5670507916,14224.0,0.0,0,0.0,0.0
2012-02-18,4.27,8371340,35745623.58167355,41919631.529623255,-0.1727206670165649,2550085.6011888715,14506.0,0.0,0,0.0,0.0
2012-02-19,4.35,8379240,36449695.81505385,41916432.52168282,-0.1499803107923658,942905.477641968,13254.0,0.0,0,0.0,0.0
2012-02-20,4.37,8386240,36647870.62339893,41915541.03363471,-0.14373742104602594,1296220.4214807304,14297.0,0.0,0,0.0,0.0
2012-02-21,4.31,8392690,36172495.69836371,41893178.58625915,-0.15815007445433804,1218555.5898507652,14722.0,0.0,0,0.0,0.0
2012-02-22,4.44,8400640,37298843.4526067,41891866.958778,-0.12314117760802336,1738633.9675929248,16296.0,0.0,0,0.0,0.0
2012-02-23,4.82,8408940,40531092.81116313,42011103.88233249,-0.03651544946159791,1666482.4504741298,17566.0,0.0,0,0.0,0.0
2012-02-24,4.97,8416390,41829460.373751186,42074959.130219564,-0.0058690395303888105,3113218.911050915,16526.0,0.0,0,0.0,0.0
2012-02-25,4.88,8424640,41112245.23619835,42119274.36647205,-0.024494627439783673,1436010.8132848132,15163.0,0.0,0,0.0,0.0
2012-02-26,4.95,8432140,41739095.03323112,42154916.43856375,-0.00996239628582198,1061794.0585835115,13330.0,0.0,0,0.0,0.0
2012-02-27,4.93,8439840,41608413.225016035,42204318.94447419,-0.01432176027082623,1350425.7317041976,14918.0,0.0,0,0.0,0.0
2012-02-28,4.87,8447840,41140982.80037081,42254630.41515025,-0.027069057153622435,1583770.760524095,16328.0,0.0,0,0.0,0.0
2012-02-29,4.82,8456790,40761729.77983313,41991315.42521485,-0.030165197895749177,6231337.463681048,15449.0,0.0,0,0.0,0.0
2012-03-01,4.92,8464340,41644554.8209085,42042859.957434416,-0.00956439895296796,2280232.1435659365,16147.0,0.0,0,0.0,0.0
2012-03-02,4.69,8471040,39729179.52643514,42029402.664003015,-0.05789757465384724,2345499.551703178,17620.0,0.0,0,0.0,0.0
2012-03-03,4.67,8476690,39586144.117815055,42003497.276290566,-0.06106563830215591,2912729.3057272574,12596.0,0.0,0,0.0,0.0
2012-03-04,4.8,8483540,40720993.82473805,42047582.41467458,-0.032577510157196315,2059277.8493872609,14967.0,0.0,0,0.0,0.0
2012-03-05,4.93,8490790,41859596.574158035,42101568.94792,-0.005780571089195545,1399441.8226462929,16149.0,0.0,0,0.0,0.0
2012-03-06,4.97,8497640,42233272.430924185,42151791.289446644,0.0019293115779936045,1281173.3032198583,15307.0,0.0,0,0.0,0.0
2012-03-07,4.92,8505340,41846274.41451649,42196697.418944985,-0.008374055022373247,1292877.1457196116,15217.0,0.0,0,0.0,0.0
2012-03-08,4.87,8513140,41458993.39810881,42228222.90781584,-0.01855398423016501,1852208.2364123147,15709.0,0.0,0,0.0,0.0
2012-03-09,4.89,8521540,41670332.20467188,42260478.2925068,-0.014162260212764817,1647154.0768732317,15802.0,0.0,0,0.0,0.0
2012-03-10,4.8,8529790,40942993.57513804,42285988.771388136,-0.03280158774383336,1852849.5886687783,12891.0,0.0,0,0.0,0.0
2012-03-11,4.89,8536490,41743437.70467188,42280500.0267892,-0.012865790448715577,2010067.3555898317,12650.0,0.0,0,0.0,0.0
2012-03-12,4.87,8544790,41613128.89810881,42313323.88966708,-0.016826300018744574,1198316.4419676582,14371.0,0.0,0,0.0,0.0
2012-03-13,5.15,8552790,44046870.18999186,42414285.74867032,0.037064709348917445,2059827.524065226,16827.0,0.0,0,0.0,0.0
2012-03-14,5.35,8559640,45794075.75562261,42515090.95131266,0.07160281652605151,2677493.596962011,16190.0,0.0,0,0.0,0.0
2012-03-15,5.3,8565690,45398158.73921492,42582937.88642201,0.06201178486036536,1358739.6871946682,15151.0,0.0,0,0.0,0.0
2012-03-16,5.33,8573340,45695903.94905954,42671630.67013353,0.0661825900697222,4338110.53196121,16252.0,0.0,0,0.0,0.0
2012-03-17,5.31,8581840,45569572.14249646,42710088.15447929,0.06274985376372505,1486717.3889932467,16091.0,0.0,0,0.0,0.0
2012-03-18,5.22,8589840,44838966.512962624,42721624.1357096,0.047221034334966605,4193942.101961805,13890.0,0.0,0,0.0,0.0
2012-03-19,4.88,8596990,41953312.80139034,42658609.21535497,-0.016811459378751503,1871087.3527381453,15523.0,0.0,0,0.0,0.0
2012-03-20,4.79,8604990,41217903.67185651,42674605.43069347,-0.03534148098442947,2050388.3855878056,15984.0,0.0,0,0.0,0.0
2012-03-21,4.81,8612890,41428002.47841958,42621109.19451175,-0.028799523141712545,3045093.392596442,16222.0,0.0,0,0.0,0.0
2012-03-22,4.75,8620790,40948754.05873036,42605762.11697159,-0.0404654084435557,1548191.330693009,15718.0,0.0,0,0.0,0.0
2012-03-23,4.69,8627090,40461053.63904113,42632892.54096679,-0.05367727003110052,4312289.245923816,14262.0,0.0,0,0.0,0.0
2012-03-24,4.65,8636290,40158750.02591498,42621500.41113651,-0.06132537451071759,1754176.6640225828,13810.0,0.0,0,0.0,0.0
2012-03-25,4.5,8644140,38898631.47669192,42610079.56000781,-0.09541333312817948,1437735.5307992972,14492.0,0.0,0,0.0,0.0
2012-03-26,4.64,8651690,40143843.12263344,42621913.08680643,-0.061729764053801615,1459241.8456843726,15785.0,0.0,0,0.0,0.0
2012-03-27,4.66,8659490,40353224.92919652,42661764.83927196,-0.05720831269684117,1784959.8797091867,15525.0,0.0,0,0.0,0.0
2012-03-28,4.79,8666990,41514883.67185651,42698073.216346934,-0.028500369983995084,1546021.820482392,16251.0,0.0,0,0.0,0.0
2012-03-29,4.73,8674040,41028210.752167284,42705615.07677401,-0.04088416954712353,1677023.1890390408,17033.0,0.0,0,0.0,0.0
2012-03-30,4.77,8681740,41411901.36529343,42120938.07502733,-0.01712156859158692,15676296.737666866,15041.0,0.0,0,0.0,0.0
2012-03-31,4.88,8690240,42408372.80139034,42170538.21525016,0.005608198816163686,1121825.9890515995,14048.0,0.0,0,0.0,0.0
2012-04-01,4.78,8697340,41573286.76857497,42194162.2570642,-0.014934481652736429,1075546.5804763753,12765.0,0.0,0,0.0,0.0
2012-04-02,4.92,8703140,42819450.41451649,42242040.45956298,0.013484758663734801,1469749.1824366914,14894.0,0.0,0,0.0,0.0
2012-04-03,4.9,8709790,42677972.60795342,42144699.81573234,0.012495270033556001,4843210.693458554,18804.0,0.0,0,0.0,0.0
2012-04-04,4.91,8716640,42798704.01123496,42180056.545118935,0.01445481774293041,3336005.8594908537,16688.0,0.0,0,0.0,0.0
2012-04-05,4.9,8722490,42740202.60795342,42217769.840406954,0.012223450888584446,2180530.014713912,16395.0,0.0,0,0.0,0.0
2012-04-06,4.93,8729290,43035401.31779803,42275770.81376634,0.017651293604122546,3298165.5542331017,16329.0,0.0,0,0.0,0.0
2012-04-07,4.8,8735740,41931553.57513804,42280689.1420602,-0.008326320805083803,1641949.431643717,14275.0,0.0,0,0.0,0.0
2012-04-08,4.71,8743240,41180661.945604205,42313931.56180177,-0.027519460898771046,845015.6552534298,13928.0,0.0,0,0.0,0.0
2012-04-09,4.75,8750540,41565066.55873036,42387386.80080738,-0.019783926988667412,5268700.800447727,15218.0,0.0,0,0.0,0.0
2012-04-10,4.8,8757890,42037873.57513804,42411831.18936666,-0.008895730978404827,1473991.964096805,17427.0,0.0,0,0.0,0.0
2012-04-11,4.88,8764940,42772908.80139034,42465036.3657116,0.007197837236375548,5781492.980448416,18461.0,0.0,0,0.0,0.0
2012-04-12,4.86,8771290,42628470.99482727,42523393.54204991,0.002464959458435981,5364332.143665843,18833.0,0.0,0,0.0,0.0
2012-04-13,4.85,8777440,42570585.59154573,42568983.7224117,3.76285435535413e-05,2399509.605771326,15785.0,0.0,0,0.0,0.0
2012-04-14,4.97,8784390,43658419.930924185,42617147.128971875,0.023850446342304623,1466604.0547315094,17362.0,0.0,0,0.0,0.0
2012-04-15,4.92,8789740,43245522.41451649,42666878.910734475,0.013380425798435543,2875197.078844256,16243.0,0.0,0,0.0,0.0
2012-04-16,4.91,8797240,43194450.01123496,42724706.25400768,0.010875095228787447,3242221.0956281847,19112.0,0.0,0,0.0,0.0
2012-04-17,4.95,8803990,43579752.12436111,42766146.08243061,0.018669359100730126,1757374.4394170244,18550.0,0.0,0,0.0,0.0
2012-04-18,5.07,8810490,44669185.96373956,42842202.60516958,0.04090030563917244,2448364.503348657,19375.0,0.0,0,0.0,0.0
2012-04-19,5.13,8818340,45238085.88342878,42911411.515418366,0.05143175982303671,1999612.773711748,17786.0,0.0,0,0.0,0.0
2012-04-20,5.22,8826040,46071930.512962624,43038846.76948473,0.06583365857926268,2778572.2467946634,19347.0,0.0,0,0.0,0.0
2012-04-21,5.27,8833740,46553811.52937031,43082986.384735316,0.07455512299879645,1595699.8935279427,16317.0,0.0,0,0.0,0.0
2012-04-22,5.18,8840740,45795034.89983647,43149883.1671108,0.05776066638034417,2848316.2555575003,14700.0,0.0,0,0.0,0.0
2012-04-23,5.12,8847490,45299150.48014725,43128632.689998284,0.04791519856647675,2056632.8392731692,16739.0,0.0,0,0.0,0.0
2012-04-24,5.06,8854390,44803215.06045802,43163199.57550668,0.03660486156491855,2408359.4052091697,17336.0,0.0,0,0.0,0.0
2012-04-25,5.12,8860740,45366990.48014725,43415724.47890783,0.043010699642800854,20564224.242211368,17455.0,0.0,0,0.0,0.0
2012-04-26,5.07,8868490,44963245.96373956,43394690.31792002,0.03488528490768868,2518169.932731645,19175.0,0.0,0,0.0,0.0
2012-04-27,5.07,8875240,44997468.46373956,43428052.416895784,0.03487787425438082,1138008.7688242623,17204.0,0.0,0,0.0,0.0
2012-04-28,4.96,8882840,44058888.027642645,43449067.548344195,0.013841032005071197,1217443.7186556484,15974.0,0.0,0,0.0,0.0
2012-04-29,4.94,8891790,43925444.22107957,43469925.531060755,0.010370269398441665,934631.2881010148,15994.0,0.0,0,0.0,0.0
2012-04-30,4.94,8900740,43969657.22107957,43396343.98370364,0.013038837998970727,4422077.527892331,19105.0,0.0,0,0.0,0.0
2012-05-01,4.96,8909240,44189832.027642645,43440257.205341965,0.01696260854378873,2506875.0378414,20034.0,0.0,0,0.0,0.0
2012-05-02,5.07,8916740,45207873.46373956,43482549.37942142,0.03816423892846875,1542893.0361879373,20206.0,0.0,0,0.0,0.0
2012-05-03,5.08,8924590,45336918.8670211,43536503.32019137,0.03971190790689981,1724223.7264185457,21866.0,0.0,0,0.0,0.0
2012-05-04,5.11,8932640,45645792.07686571,43577129.391267225,0.04531989897589988,2558333.6303853435,22682.0,0.0,0,0.0,0.0
2012-05-05,5.04,8940990,45062591.25389495,43619044.433817916,0.032034261233307576,1186748.9791777695,20023.0,0.0,0,0.0,0.0
2012-05-06,5.04,8949190,45103919.25389495,43559342.31767111,0.034244849710936213,7028175.211368733,22204.0,0.0,0,0.0,0.0
2012-05-07,5.03,8957690,45057182.35061341,43601290.904189736,0.032312083678349486,1619055.5092671437,25662.0,0.0,0,0.0,0.0
2012-05-08,5.02,8966490,45011781.44733187,43631160.55246207,0.030672433982317646,2191860.840335295,23790.0,0.0,0,0.0,0.0
2012-05-09,5.04,8974790,45232943.25389495,43678541.996416636,0.03436436246815454,2464971.415454214,24831.0,0.0,0,0.0,0.0
2012-05-10,4.95,8981240,44457139.62436111,43695214.397890314,0.01713842215015757,2673437.802461816,20419.0,0.0,0,0.0,0.0
2012-05-11,4.92,8988390,44222880.41451649,43708285.437786765,0.011636396632382376,2481508.6112672864,26141.0,0.0,0,0.0,0.0
2012-05-12,4.94,8994790,44434264.22107957,43856556.579539314,0.01300139997066037,15761834.056129824,22750.0,0.0,0,0.0,0.0
2012-05-13,4.95,9001790,44558862.12436111,43843496.806773566,0.016054389261355134,3043266.5097646336,20705.0,0.0,0,0.0,0.0
2012-05-14,4.98,9008740,44863526.834205724,43865342.735760696,0.022249345267344723,6898926.698338454,32417.0,0.0,0,0.0,0.0
2012-05-15,4.99,9015240,44986049.237487264,43892252.61192587,0.024314129471274478,3058660.869306125,27164.0,0.0,0,0.0,0.0
2012-05-16,5.06,9021290,45647729.057928026,43888251.3453286,0.03854469321719397,3068419.218465233,25543.0,0.0,0,0.0,0.0
2012-05-17,5.07,9027090,45767347.94852957,43861360.41543895,0.04164513825957568,5415862.459569974,22573.0,0.0,0,0.0,0.0
2012-05-18,5.09,9034340,45984792.196497634,43823748.527822584,0.04699474685980299,2732602.5183983967,26162.0,0.0,0,0.0,0.0
2012-05-19,5.09,9041790,46022712.68886264,43862429.309366286,0.04693950558935943,3504154.143207792,31606.0,0.0,0,0.0,0.0
2012-05-20,5.1,9048690,46148320.58420668,43731989.037011,0.05236011877803026,3995506.2377884015,29546.0,0.0,0,0.0,0.0
2012-05-21,5.07,9054990,45908800.869817816,43634095.524183005,0.04954835026262444,3711776.6525362646,30359.0,0.0,0,0.0,0.0
2012-05-22,5.07,9060740,45937953.364747815,43641434.42022846,0.049991755755529034,4612435.37255263,27519.0,0.0,0,0.0,0.0
2012-05-23,5.12,9067240,46424270.380179256,43690823.57061643,0.058879693470203984,2619693.991219187,29621.0,0.0,0,0.0,0.0
2012-05-24,5.11,9073490,46365535.47453796,43597251.96100308,0.05970563016693958,2971738.6810904834,28071.0,0.0,0,0.0,0.0
2012-05-25,5.1,9079540,46305655.56890667,43635761.511221796,0.05765805547687045,1403370.7615968974,30115.0,0.0,0,0.0,0.0
2012-05-26,5.09,9086640,46250999.15305449,43546436.26406293,0.0584757721674634,3136305.1231118618,25653.0,0.0,0,0.0,0.0
2012-05-27,5.08,9094590,46200518.719523296,43599481.9639171,0.05629886476809312,2297266.3694383986,26297.0,0.0,0,0.0,0.0
2012-05-28,5.11,9101690,46509637.41827687,43634697.56160644,0.06181385227356488,2070600.2033922477,29597.0,0.0,0,0.0,0.0
2012-05-29,5.1,9107990,46450750.50765567,43667296.0372443,0.059922701786112725,1985902.7286253583,34270.0,0.0,0,0.0,0.0
2012-05-30,5.13,9114540,46757591.71395924,43696802.71750738,0.06546079223190786,1608352.2075924152,28551.0,0.0,0,0.0,0.0
2012-05-31,5.15,9121440,46975417.516771615,43529126.30318029,0.07336371650897822,14574559.470642678,28417.0,0.0,0,0.0,0.0
2012-06-01,5.23,9129040,47744880.735103115,43600337.04679696,0.08680603290854993,1908613.0013030705,29065.0,0.0,0,0.0,0.0
2012-06-02,5.21,9137040,47603979.91620774,43650351.39310229,0.08305247859663425,1504113.1875305823,20571.0,0.0,0,0.0,0.0
2012-06-03,5.19,9144690,47460942.59222237,43690399.50628125,0.07944517913049237,1904546.9557484768,30396.0,0.0,0,0.0,0.0
2012-06-04,5.23,9152440,47867262.69326312,43741102.62109322,0.08620004236738231,5212679.870245614,41579.0,0.0,0,0.0,0.0
2012-06-05,5.38,9159790,49279671.72802093,43831580.3854256,0.11055453803880537,2133759.5229093567,40970.0,0.0,0,0.0,0.0
2012-06-06,5.43,9167440,49779200.736791864,43903112.08398244,0.11804304942297722,3059635.76411598,24165.0,0.0,0,0.0,0.0
2012-06-07,5.49,9174390,50367402.65102799,44000229.06460564,0.1264145707599318,1814005.8885742568,35387.0,0.0,0,0.0,0.0
2012-06-08,5.61,9181440,51507879.97651525,44088960.55972664,0.1440346490706126,1911016.091765202,28272.0,0.0,0,0.0,0.0
2012-06-09,5.57,9189990,51188245.8569195,44149652.64048681,0.1375040909998527,1244919.4813682174,31541.0,0.0,0,0.0,0.0
2012-06-10,5.46,9198290,50222664.90979243,44193402.648621686,0.12005062399616229,937288.2818869074,33834.0,0.0,0,0.0,0.0
2012-06-11,5.49,9205290,50537043.61479399,44288436.61836601,0.12364409449940188,2271306.9029857083,32609.0,0.0,0,0.0,0.0
2012-06-12,5.62,9213090,51777567.34785344,44403073.002476275,0.14242643529066626,3906269.186172832,23493.0,0.0,0,0.0,0.0
2012-06-13,5.85,9220590,53940453.08487474,44521518.75543553,0.17461726386722448,1641809.787642408,46734.0,0.0,0,0.0,0.0
2012-06-14,5.88,9228390,54262934.72832231,44591698.358031966,0.17822914331322529,2075538.203591187,49648.0,0.0,0,0.0,0.0
2012-06-15,6.1,9236340,56341675.56720443,44864541.7681265,0.20370593674282877,2059118.6027091332,49092.0,0.0,0,0.0,0.0
2012-06-16,6.45,9244140,59624704.644226,44996982.282831535,0.24532989217601098,2148735.6224034075,39353.0,0.0,0,0.0,0.0
2012-06-17,6.31,9252340,58382266.98329738,45085590.67715727,0.22775196978808934,2507423.782582634,39362.0,0.0,0,0.0,0.0
2012-06-18,6.26,9261090,57974424.94258143,45177789.78790863,0.2207289708754635,2090576.1785147544,37610.0,0.0,0,0.0,0.0
2012-06-19,6.43,9268440,59596070.75875263,45277570.69498873,0.2402591291920198,2739622.725480706,35548.0,0.0,0,0.0,0.0
2012-06-20,6.6,9275690,61219555.593363814,45350706.05005821,0.25921209962239233,6821816.825251371,32271.0,0.0,0,0.0,0.0
2012-06-21,6.68,9282490,62007034.802657306,45459650.87034608,0.266863009737116,1437637.090317246,29713.0,0.0,0,0.0,0.0
2012-06-22,6.58,9289390,61124187.758925445,45563446.78790226,0.25457583227764014,2867401.986312555,29231.0,0.0,0,0.0,0.0
2012-06-23,6.48,9297590,60248384.715793565,45633721.103664756,0.2425735342295029,1581442.7575049002,30261.0,0.0,0,0.0,0.0
2012-06-24,6.38,9304140,59360414.67645169,45679626.18880136,0.23046989415789076,6603829.443303012,28503.0,0.0,0,0.0,0.0
2012-06-25,6.3,9311840,58664593.43840819,45724966.42553151,0.22056961881892123,2339326.054215688,33979.0,0.0,0,0.0,0.0
2012-06-26,6.38,9319290,59457071.64391369,45835395.43283735,0.22910102758938541,3122628.256428623,36002.0,0.0,0,0.0,0.0
2012-06-27,6.52,9327440,60814910.23321831,45952518.21493117,0.24438730504232514,1996024.2623871772,39105.0,0.0,0,0.0,0.0
2012-06-28,6.56,9334290,61232943.82561106,46031201.83876077,0.24826083864503126,1714877.8074593244,32731.0,0.0,0,0.0,0.0
2012-06-29,6.59,9341590,61561079.50247563,46114548.79210001,0.2509139026672598,1490219.7892372266,33119.0,0.0,0,0.0,0.0
2012-06-30,6.64,9348190,62071982.98987657,46184095.76763471,0.2559590729497564,1816895.820163337,31932.0,0.0,0,0.0,0.0
2012-07-01,6.6,9355290,61744915.37820381,46243136.4468606,0.2510616272836516,1173156.346891629,31705.0,0.0,0,0.0,0.0
2012-07-02,6.68,9362890,62544106.56484932,46355045.523398384,0.2588423103408662,2208525.197206062,36591.0,0.0,0,0.0,0.0
2012-07-03,6.55,9370890,61379330.82191288,46375570.606919974,0.24444320285154444,2152869.845899748,34704.0,0.0,0,0.0,0.0
2012-07-04,6.5,9378390,60959536.24682195,46460073.05748668,0.2378538959126543,3230679.4675198128,31637.0,0.0,0,0.0,0.0
2012-07-05,6.64,9385590,62320318.860396564,46547988.46078453,0.25308487966731286,1400882.34012712,27931.0,0.0,0,0.0,0.0
2012-07-06,6.63,9393340,62277845.431978375,46631552.591239184,0.2512336888376865,2796062.0872512497,29352.0,0.0,0,0.0,0.0
2012-07-07,6.76,9401640,63555087.63247482,46647827.51706087,0.2660252820857543,5228536.650321557,30943.0,0.0,0,0.0,0.0
2012-07-08,6.77,9409290,63700894.524143,46754478.982039295,0.26603104506924813,2758208.071429428,27915.0,0.0,0,0.0,0.0
2012-07-09,6.86,9417440,64603639.5889667,46894749.99364147,0.2741159740843708,3043549.872782641,32286.0,0.0,0,0.0,0.0
2012-07-10,7.09,9424940,66822825.80401501,46517150.70735205,0.3038733374762925,20714252.32861352,37035.0,0.0,0,0.0,0.0
2012-07-11,7.1,9431640,66964645.18796319,46660672.44940279,0.3032043652522782,4524095.178198796,35356.0,0.0,0,0.0,0.0
2012-07-12,7.28,9439140,68716940.40716058,46833238.03881959,0.31846153566611096,1308234.587533403,34233.0,0.0,0,0.0,0.0
2012-07-13,7.63,9447290,72082823.96061914,47054729.3753711,0.34721301428092755,4367752.067634784,31366.0,0.0,0,0.0,0.0
2012-07-14,7.59,9455340,71766031.76186778,46781859.26035486,0.34813367672905143,15634477.876941672,29903.0,0.0,0,0.0,0.0
2012-07-15,7.57,9462340,71629914.94366622,46871224.77290073,0.3456473484610042,1667582.4076707745,30386.0,0.0,0,0.0,0.0
2012-07-16,8.05,9469840,76232213.18317902,47298998.89875106,0.3795405259310011,4532179.7660460165,36803.0,0.0,0,0.0,0.0
2012-07-17,8.33,9478440,78955406.40350808,47942715.9665036,0.3927874207690299,15975161.771627003,40268.0,0.0,0,0.0,0.0
2012-07-18,9.0,9486190,85375711.24630883,48275754.272062905,0.43454931657567797,4225213.57145604,34288.0,0.0,0,0.0,0.0
2012-07-19,9.08,9492940,86195896.41652714,48534455.33583123,0.4369284692939829,3729137.973148927,36313.0,0.0,0,0.0,0.0
2012-07-20,8.2,9500340,77902789.07382083,48620431.4262274,0.3758833027126335,3308144.6710187746,36122.0,0.0,0,0.0,0.0
2012-07-21,8.87,9507390,84330550.40833984,48847456.70462178,0.4207620314572141,3072359.173034715,35582.0,0.0,0,0.0,0.0
2012-07-22,8.61,9515140,81925356.45002186,48932543.120421335,0.4027179710805118,1929067.332094307,38962.0,0.0,0,0.0,0.0
2012-07-23,8.46,9522190,80557728.41057882,49035212.77846293,0.3913034323839792,3061071.493921356,42042.0,0.0,0,0.0,0.0
2012-07-24,8.61,9530240,82055367.41127686,49174822.36959159,0.400711691130232,1991489.6493526949,38417.0,0.0,0,0.0,0.0
2012-07-25,8.58,9538240,81838100.18630326,49348127.53429536,0.397003016663937,2546201.4219790823,31562.0,0.0,0,0.0,0.0
2012-07-26,8.75,9546690,83533538.4664704,49599958.39725927,0.4062270160246086,3225796.933883034,30845.0,0.0,0,0.0,0.0
2012-07-27,8.88,9555590,84853640.1541894,49772082.075986676,0.413436100259874,2456488.608196861,32297.0,0.0,0,0.0,0.0
2012-07-28,8.85,9563240,84634674.91114077,49917487.57077756,0.4102005162401027,2514050.3540952904,38628.0,0.0,0,0.0,0.0
2012-07-29,8.76,9571540,83846691.27997494,50075209.10236053,0.40277656353602626,2893605.0964634586,35981.0,0.0,0,0.0,0.0
2012-07-30,8.92,9580340,85456633.66906454,50269824.25338084,0.4117504739532162,2182288.7219109195,36194.0,0.0,0,0.0,0.0
2012-07-31,9.24,9586840,88582402.49100174,50566464.09358423,0.42915903529800054,3572452.070380916,58777.0,0.0,0,0.0,0.0
2012-08-01,9.4,9593540,90179276.90173034,50818002.26525671,0.43647804671760876,2837688.553176394,40727.0,0.0,0,0.0,0.0
2012-08-02,10.1,9601790,96978079.95878047,51459772.00356258,0.4693669742127806,4584003.741049481,42130.0,0.0,0,0.0,0.0
2012-08-03,10.71,9609890,102921922.87384702,51869389.723246634,0.4960316687162584,3663864.599177256,36366.0,0.0,0,0.0,0.0
2012-08-04,10.99,9617690,105698414.07732706,52180686.83461753,0.5063247893535746,4246067.610791542,35884.0,0.0,0,0.0,0.0
2012-08-05,10.6,9624640,102021184.93734485,52466081.209313035,0.48573346563721564,2887800.653711471,37840.0,0.0,0,0.0,0.0
2012-08-06,10.87,9631640,104695927.71230562,52718287.94238079,0.4964628606449183,2758566.2194048013,42354.0,0.0,0,0.0,0.0
2012-08-07,10.81,9639840,104206671.2856499,52910874.40572848,0.49225060398782033,3660316.759346969,39177.0,0.0,0,0.0,0.0
2012-08-08,11.01,9648140,106226022.26570265,53285624.24740091,0.498375039271283,7047212.688491501,51964.0,0.0,0,0.0,0.0
2012-08-09,11.32,9656640,109313165.65600437,53520318.72046703,0.5103945769086118,2309122.3872003546,40383.0,0.0,0,0.0,0.0
2012-08-10,11.37,9664440,109884683.60861915,53792323.012573615,0.5104656877916857,2404828.24677509,38611.0,0.0,0,0.0,0.0
2012-08-11,11.49,9672840,111140932.35970339,54019289.18808256,0.5139568470304785,1660256.875822086,38410.0,0.0,0,0.0,0.0
2012-08-12,11.62,9680790,112490780.51600882,54207653.62784799,0.5181146990074127,1701827.4515649318,39069.0,0.0,0,0.0,0.0
2012-08-13,11.75,9688790,113843283.21814427,54576524.6264598,0.5205995199393421,2657697.9806798804,48599.0,0.0,0,0.0,0.0
2012-08-14,12.08,9696640,117135411.93831342,54939066.81853648,0.5309781567382131,3693946.5780319087,42877.0,0.0,0,0.0,0.0
2012-08-15,12.6,9704990,122282874.7070951,55455899.53368263,0.5464949636936777,4019095.5395333287,50408.0,0.0,0,0.0,0.0
2012-08-16,13.22,9712690,128401762.52866869,56023216.592091314,0.5636881029605585,4144239.9510248383,61707.0,0.0,0,0.0,0.0
2012-08-17,13.31,9719590,129367743.62031937,56365154.93843473,0.5643028674608372,15533319.30943062,56766.0,0.0,0,0.0,0.0
2012-08-18,11.86,9727140,115363881.04184729,56537134.31769047,0.5099234369795336,8025388.813567207,51610.0,0.0,0,0.0,0.0
2012-08-19,9.09,9736240,88502422.06012362,55865117.088532485,0.3687730144765888,20519378.92919038,58130.0,0.0,0,0.0,0.0
2012-08-20,9.51,9744940,92674379.86711846,56679715.27795243,0.3883993034620477,5789637.894145166,47414.0,0.0,0,0.0,0.0
2012-08-21,10.03,9753590,97828508.17761515,56767217.833816856,0.4197272462669918,3307117.1758473217,54397.0,0.0,0,0.0,0.0
2012-08-22,9.91,9761390,96735375.36645041,56888754.083819695,0.41191364722248497,5107415.053742962,49524.0,0.0,0,0.0,0.0
2012-08-23,10.0,9769640,97696400.4456866,57070545.92106286,0.4158377825517666,4409758.254275583,43751.0,0.0,0,0.0,0.0
2012-08-24,10.26,9777040,100312430.85727444,57384258.99821111,0.42794468733533114,1289049.9317712593,45033.0,0.0,0,0.0,0.0
2012-08-25,10.44,9783940,102144334.06007682,57583148.29488417,0.4362570491573592,1572544.2988275706,36612.0,0.0,0,0.0,0.0
2012-08-26,10.55,9792890,103314989.94382437,57729370.83509724,0.44122947825396364,1848601.7483549383,34704.0,0.0,0,0.0,0.0
2012-08-27,11.18,9800140,109565565.64181861,58401824.792867176,0.46696916635479346,14686512.751457777,38448.0,0.0,0,0.0,0.0
2012-08-28,10.89,9807690,106805744.51402321,58666912.26523603,0.4507138868590231,6248525.200685573,39917.0,0.0,0,0.0,0.0
2012-08-29,10.84,9816090,106406415.97960228,58801398.92781074,0.4473885960120792,1828294.6631995756,39372.0,0.0,0,0.0,0.0
2012-08-30,10.75,9823790,105605742.8065756,58873974.84532335,0.4425116165021896,1507615.088086449,34110.0,0.0,0,0.0,0.0
2012-08-31,10.19,9830790,100175750.38041514,59378149.900099434,0.40726024337614386,21160432.519323528,49422.0,0.0,0,0.0,0.0
2012-09-01,9.99,9838840,98290011.84993643,59365759.89437087,0.3960143174567206,1309717.4873180457,44982.0,0.0,0,0.0,0.0
2012-09-02,10.04,9847040,98864281.78090733,59488987.257360436,0.398276241067591,2168110.5180501924,34929.0,0.0,0,0.0,0.0
2012-09-03,10.34,9854890,101899562.75425895,59641202.17824608,0.4147060049504153,1418856.3500669126,32994.0,0.0,0,0.0,0.0
2012-09-04,10.3,9862540,101584162.1382122,59791676.73128658,0.41140749234180907,2463662.9305067067,46041.0,0.0,0,0.0,0.0
2012-09-05,10.73,9871540,105921624.30642723,60133550.19255631,0.4322825902046948,1393917.217353027,41546.0,0.0,0,0.0,0.0
2012-09-06,10.94,9880090,108088184.68116014,60356849.489527225,0.44159623304278256,3155335.322863955,46844.0,0.0,0,0.0,0.0
2012-09-07,11.1,9888490,109762239.05903712,60483795.64637629,0.44895625157715435,1703271.793128352,44106.0,0.0,0,0.0,0.0
2012-09-08,10.97,9895740,108556267.80788371,60618423.9228945,0.44159443625886896,1593163.5649036726,33700.0,0.0,0,0.0,0.0
2012-09-09,11.03,9903689,109237700.6571888,60834196.10693037,0.4431025576248529,3440638.049427905,40194.0,0.0,0,0.0,0.0
2012-09-10,11.03,9911189,109320425.63505349,61813451.182541974,0.4345663143601816,21541882.196505748,37360.0,0.0,0,0.0,0.0
2012-09-11,11.08,9918439,109896315.11813907,61982706.611124896,0.4359892181599248,1014277.6761412298,45243.0,0.0,0,0.0,0.0
2012-09-12,11.19,9926189,111074065.99494638,62175938.56172983,0.44022992221641816,2520922.2452949854,34218.0,0.0,0,0.0,0.0
2012-09-13,11.33,9932689,112537377.58796704,62326842.98854139,0.4461676260420908,1707153.6085561265,35078.0,0.0,0,0.0,0.0
2012-09-14,11.56,9940789,114915532.28569275,62572313.84010477,0.4554929817098783,1509650.5005054136,38280.0,0.0,0,0.0,0.0
2012-09-15,11.69,9947989,116292002.98440729,62816215.93343893,0.4598406225588747,3501517.336659865,30026.0,0.0,0,0.0,0.0
2012-09-16,11.86,9956039,118078634.2471463,63049925.50345352,0.4660344277739027,1932892.771958552,31574.0,0.0,0,0.0,0.0
2012-09-17,11.86,9964439,118178258.23528631,63295463.87596476,0.4644068645017002,8132208.862533085,33062.0,0.0,0,0.0,0.0
2012-09-18,12.03,9972789,119972663.5148803,63637168.37906244,0.4695694292794502,10092089.645290865,38786.0,0.0,0,0.0,0.0
2012-09-19,12.39,9979839,123650217.40314558,64032710.07741149,0.48214640117743507,3618551.9222584073,42887.0,0.0,0,0.0,0.0
2012-09-20,12.47,9987439,124543376.60187453,64483321.885171846,0.48224206180546664,6711376.388737605,47275.0,0.0,0,0.0,0.0
2012-09-21,12.26,9995889,122549611.20521104,64762140.31571097,0.47154348611301705,5816821.465017135,39201.0,0.0,0,0.0,0.0
2012-09-22,12.2,10003739,122045627.78786431,64944829.435247764,0.46786435030566825,4159168.676565682,27316.0,0.0,0,0.0,0.0
2012-09-23,11.99,10011639,120039563.39151584,65090235.44435479,0.4577601450276914,1888361.2545020275,28639.0,0.0,0,0.0,0.0
2012-09-24,12.06,10019289,120832637.19029866,65273058.14934565,0.45980606177991906,6333450.869215428,33440.0,0.0,0,0.0,0.0
2012-09-25,12.06,10026239,120916454.19029866,65486520.23771842,0.4584151455958546,4786212.049701365,43272.0,0.0,0,0.0,0.0
2012-09-26,12.19,10033239,122305195.38803819,65722009.492489874,0.4626392665988277,2934080.4174293005,48271.0,0.0,0,0.0,0.0
2012-09-27,12.27,10041289,123206628.08664714,65959089.03115344,0.464646585532991,3094640.7102373964,42088.0,0.0,0,0.0,0.0
2012-09-28,12.3,10049189,123605036.78612551,66297015.146003544,0.46363823942937177,10942079.62897753,50031.0,0.0,0,0.0,0.0
2012-09-29,12.36,10057589,124311812.18508221,66526588.383307785,0.46484097356525245,2931802.376585286,38450.0,0.0,0,0.0,0.0
2012-09-30,12.35,10065539,124309418.78525609,66703896.55409242,0.463404324419511,2056066.2650084435,34674.0,0.0,0,0.0,0.0
2012-10-01,12.28,10072089,123685264.98647326,66855928.87242314,0.4594673110031758,2780718.724633626,37977.0,0.0,0,0.0,0.0
2012-10-02,12.56,10079389,126597138.18160458,67204148.80324233,0.46914954185743557,2989960.480797728,53176.0,0.0,0,0.0,0.0
2012-10-03,12.75,10086039,128597009.77830082,67538935.8510979,0.47480166165967674,7948794.325093744,50099.0,0.0,0,0.0,0.0
2012-10-04,12.84,10092589,129588855.37673588,67777550.93315618,0.47698009419007664,4309252.832442754,51020.0,0.0,0,0.0,0.0
2012-10-05,12.68,10099389,128060264.979518,67904273.27937557,0.4697475185590456,1903279.1884313612,45099.0,0.0,0,0.0,0.0
2012-10-06,12.56,10107139,126945678.18160458,67990087.91373858,0.4644158912091985,1366255.313895014,38962.0,0.0,0,0.0,0.0
2012-10-07,12.01,10113389,121461813.69116807,67957047.61826868,0.44050689222327916,1582049.8182848883,43402.0,0.0,0,0.0,0.0
2012-10-08,11.25,10122289,113875762.29313308,68149963.88136531,0.4015410961119434,11124443.06870559,47643.0,0.0,0,0.0,0.0
2012-10-09,11.97,10129389,121248798.06193861,68180931.2362651,0.4376774671082874,2187407.137984817,52280.0,0.0,0,0.0,0.0
2012-10-10,12.01,10136839,121743448.16114308,68336461.64587805,0.43868468752892587,3623858.239558288,47362.0,0.0,0,0.0,0.0
2012-10-11,12.0,10143739,121724879.75534198,68439861.64768113,0.4377496056250768,2412692.9045145963,41234.0,0.0,0,0.0,0.0
2012-10-12,12.03,10151189,122118815.4487153,68549033.36879328,0.4386693556032653,3117691.0343070677,44614.0,0.0,0,0.0,0.0
2012-10-13,11.88,10158589,120684048.94590856,68621604.30258134,0.43139458029504774,1144661.0019481878,39436.0,0.0,0,0.0,0.0
2012-10-14,11.82,10164939,120149590.54128183,68689314.13223316,0.4283017210230741,7608923.852283049,38589.0,0.0,0,0.0,0.0
2012-10-15,11.68,10173389,118825194.92682618,68851727.83952059,0.4205628875095032,3058461.4277608134,46286.0,0.0,0,0.0,0.0
2012-10-16,11.78,10181139,119933828.91859734,68982163.28118451,0.4248314766302946,3269761.9255820788,43061.0,0.0,0,0.0,0.0
2012-10-17,11.83,10188239,120526878.91148795,69225092.78240839,0.4256460184848424,11239379.160096511,44826.0,0.0,0,0.0,0.0
2012-10-18,11.85,10196089,120823666.21100019,69376013.20606202,0.42580774626630397,3608984.462825989,51055.0,0.0,0,0.0,0.0
2012-10-19,11.73,10202839,119679312.91392677,69463105.93582924,0.4195896998022789,3045416.9295155653,44589.0,0.0,0,0.0,0.0
2012-10-20,11.69,10210739,119363550.31490229,69533230.5708,0.41746680299506034,1909880.213000703,43929.0,0.0,0,0.0,0.0
2012-10-21,11.61,10218789,118640151.55880333,69795761.20261548,0.4117020225819452,5923558.781422292,38810.0,0.0,0,0.0,0.0
2012-10-22,11.65,10226639,119140355.61685282,69902551.61352883,0.41327561721965456,1631705.1482644512,41483.0,0.0,0,0.0,0.0
2012-10-23,11.69,10233139,119625406.20384729,69998962.60652891,0.41484869453862167,2829493.0027280403,41455.0,0.0,0,0.0,0.0
2012-10-24,11.62,10241239,119003208.40621945,70127506.6105056,0.410709109865978,2731201.107406695,41863.0,0.0,0,0.0,0.0
2012-10-25,11.02,10248389,112937257.41443035,70076877.50050554,0.379506116007811,8277861.251668723,39577.0,0.0,0,0.0,0.0
2012-10-26,10.28,10256639,105438258.8300416,69962117.54891421,0.33646364872462675,7222233.010657796,37808.0,0.0,0,0.0,0.0
2012-10-27,10.35,10265389,106246786.11199744,69969052.21412641,0.3414478237452731,1762309.0788788963,29748.0,0.0,0,0.0,0.0
2012-10-28,10.53,10273689,108181955.29998457,70057950.74633363,0.35240631811409295,1130366.4885341148,27648.0,0.0,0,0.0,0.0
2012-10-29,10.61,10281589,109087669.49164051,70125261.95550309,0.35716600893305495,2190736.5201046243,35698.0,0.0,0,0.0,0.0
2012-10-30,10.7,10288739,110089517.58282658,70228295.17477602,0.3620800897602327,4912431.535538963,34202.0,0.0,0,0.0,0.0
2012-10-31,10.99,10295939,113152380.155035,70418310.84603554,0.37766831992793837,2563984.399580676,32828.0,0.0,0,0.0,0.0
2012-11-01,10.92,10302789,112506466.34148918,70363600.37515351,0.3745817226044596,4262220.505254665,31737.0,0.0,0,0.0,0.0
2012-11-02,10.54,10309939,108666767.14163469,70340863.17833547,0.3526920416556222,2146753.9148051413,33143.0,0.0,0,0.0,0.0
2012-11-03,10.48,10317239,108124674.73900399,70416164.84620878,0.34875027355058075,1325367.1425312797,32722.0,0.0,0,0.0,0.0
2012-11-04,10.55,10325089,108929699.03064983,70590866.81458117,0.35195940645425966,3605870.718901212,30666.0,0.0,0,0.0,0.0
2012-11-05,10.63,10333089,109840746.21646076,70672988.94666785,0.35658677329636734,2937074.794545834,37584.0,0.0,0,0.0,0.0
2012-11-06,10.76,10339839,111256677.89978729,70769104.213255,0.36391140245083387,1795474.540227516,41150.0,0.0,0,0.0,0.0
2012-11-07,10.92,10347689,112996774.29234919,70917494.76070057,0.3723936350853666,5050046.74121555,43510.0,0.0,0,0.0,0.0
2012-11-08,10.85,10355389,112355980.99560335,71015223.55728245,0.3679444304788601,1755949.7689712248,37674.0,0.0,0,0.0,0.0
2012-11-09,10.81,10362989,112023921.39205788,71092818.82188408,0.36537823405524594,2779266.719249946,36730.0,0.0,0,0.0,0.0
2012-11-10,10.83,10370189,112309157.1802881,71177644.90074298,0.366234715959246,1521008.991524628,34731.0,0.0,0,0.0,0.0
2012-11-11,10.72,10377539,111247228.28020683,71278677.7994335,0.3592768206332432,3431203.7023027674,30163.0,0.0,0,0.0,0.0
2012-11-12,10.93,10384139,113498649.6700243,71458958.53303376,0.37039816120467456,4225673.467247667,31557.0,0.0,0,0.0,0.0
2012-11-13,10.95,10391139,113782982.44715452,71596272.53114763,0.37076466980112893,4493304.59571414,32691.0,0.0,0,0.0,0.0
2012-11-14,10.93,10398289,113653309.1372343,71694498.09807657,0.3691824845019975,3036211.2416465296,37767.0,0.0,0,0.0,0.0
2012-11-15,11.04,10405089,114872193.0260506,71851126.26664297,0.37451245271909583,2875113.066620104,46302.0,0.0,0,0.0,0.0
2012-11-16,11.44,10412339,119117169.00525534,72210441.47084518,0.3937864535073083,6348119.502964736,48299.0,0.0,0,0.0,0.0
2012-11-17,11.64,10419339,121281116.98321772,72379655.51695476,0.4032075452688129,3419392.1254491247,52914.0,0.0,0,0.0,0.0
2012-11-18,11.68,10426639,121783154.58109817,72517890.81763548,0.4045326624435224,2023718.364250842,42937.0,0.0,0,0.0,0.0
2012-11-19,11.67,10433939,121764079.16995806,72719180.10488288,0.4027862683264611,3724253.5355494674,42226.0,0.0,0,0.0,0.0
2012-11-20,11.68,10441289,121954266.55189818,72841650.03074108,0.40271339338715967,2359018.023420354,43969.0,0.0,0,0.0,0.0
2012-11-21,11.69,10448889,122147523.4513433,72998554.48163441,0.4023738474672151,2881455.8818128686,44126.0,0.0,0,0.0,0.0
2012-11-22,12.03,10456089,125786762.0264623,73262221.99015021,0.41756810645354137,2388790.5649381145,41378.0,0.0,0,0.0,0.0
2012-11-23,12.25,10464239,128186939.31414491,73478596.52256364,0.42678562328029956,3542822.929882597,35211.0,0.0,0,0.0,0.0
2012-11-24,12.34,10471789,129221887.90293598,73697940.12139341,0.4296791254377041,1640048.2823105082,37102.0,0.0,0,0.0,0.0
2012-11-25,12.46,10479089,130569460.69615743,73935441.39630336,0.43374629103848916,3819229.147797045,36276.0,0.0,0,0.0,0.0
2012-11-26,12.34,10486939,129408838.90293598,74129682.59084445,0.4271667745474021,5200178.71475076,41339.0,0.0,0,0.0,0.0
2012-11-27,12.07,10494339,126666683.1181878,74267934.29936221,0.41367427905200876,3580951.6069007674,38564.0,0.0,0,0.0,0.0
2012-11-28,12.25,10501464,128642945.55801992,74461296.69888504,0.4211785467450925,3130105.914706196,43852.0,0.0,0,0.0,0.0
2012-11-29,12.39,10505614,130164569.14391658,74610314.87835194,0.42680012411166224,2265955.608668168,41960.0,0.0,0,0.0,0.0
2012-11-30,12.51,10508739,131464336.680823,74799967.48719233,0.43102464610766505,4707720.575290839,37110.0,0.0,0,0.0,0.0
2012-12-01,12.53,10512914,131726824.22340822,74913841.93620163,0.43129394959717526,2520171.81926344,34733.0,0.0,0,0.0,0.0
2012-12-02,12.51,10516489,131561289.17456798,74986036.02692345,0.4300296348766781,1566386.367213769,27800.0,0.0,0,0.0,0.0
2012-12-03,12.52,10520164,131712465.0614681,75153028.08496577,0.42941597782796753,3530462.647830157,30146.0,0.0,0,0.0,0.0
2012-12-04,12.98,10522964,136588084.92135355,75815688.97850479,0.44493189854620974,21518914.68574705,42417.0,0.0,0,0.0,0.0
2012-12-05,13.25,10526014,139469697.92865676,76123341.94115606,0.4541944015674602,4265839.850982562,44489.0,0.0,0,0.0,0.0
2012-12-06,13.37,10529439,140778611.96453315,76337307.75915004,0.45774925115484183,2099830.748234895,41024.0,0.0,0,0.0,0.0
2012-12-07,13.32,10532664,140295096.95433757,76641464.78688428,0.453712450037872,9471209.063752314,40896.0,0.0,0,0.0,0.0
2012-12-08,13.43,10536114,141500023.58392388,76764275.67697991,0.4574963753878747,1385048.2402076486,38318.0,0.0,0,0.0,0.0
2012-12-09,13.22,10539264,139329082.4474664,76920403.19419925,0.44792284680980476,3750054.8408718016,38899.0,0.0,0,0.0,0.0
2012-12-10,13.36,10542839,140852341.52507803,77098150.98413582,0.4526313858232247,4987028.950530972,35939.0,0.0,0,0.0,0.0
2012-12-11,13.47,10546439,142060545.89766935,77304997.15991521,0.4558306342452012,3736714.8637904376,37046.0,0.0,0,0.0,0.0
2012-12-12,13.57,10549689,143159292.39097053,77558602.37965152,0.4582356402835687,5732509.347905186,42722.0,0.0,0,0.0,0.0
2012-12-13,13.62,10552964,143731382.3876211,77917347.01711498,0.45789607166663115,9402542.094724445,47192.0,0.0,0,0.0,0.0
2012-12-14,13.57,10555614,143239694.62740052,78042983.43367057,0.45515812752408913,3481704.7418250106,41676.0,0.0,0,0.0,0.0
2012-12-15,13.51,10558514,142645536.7179698,78106676.56347074,0.452442197908382,1761972.9043835832,34599.0,0.0,0,0.0,0.0
2012-12-16,13.35,10561289,140993220.5656579,78176822.23962046,0.4455277925706011,2708087.8185155005,35748.0,0.0,0,0.0,0.0
2012-12-17,13.18,10564639,139241954.27096593,78220441.72852238,0.43824085105625005,2010927.021729381,40997.0,0.0,0,0.0,0.0
2012-12-18,13.2,10567764,139494497.06955615,78330252.38004433,0.43847066353458725,3644204.175891096,48142.0,0.0,0,0.0,0.0
2012-12-19,13.34,10571314,141021341.15968782,78521580.80161864,0.4431936318581495,3954130.2806886095,43761.0,0.0,0,0.0,0.0
2012-12-20,13.45,10573964,142219828.2884841,78711857.2026048,0.4465479381472555,5796333.050671434,39543.0,0.0,0,0.0,0.0
2012-12-21,13.45,10577114,142262195.7750341,78834244.04026034,0.4458524725365223,3713540.811727184,46127.0,0.0,0,0.0,0.0
2012-12-22,13.36,10580939,141361357.41151804,78895831.42159939,0.4418854426254186,1624784.6679987512,55142.0,0.0,0,0.0,0.0
2012-12-23,13.21,10583989,139814506.91601127,78933831.2863932,0.43543890381983064,1605482.160808654,39931.0,0.0,0,0.0,0.0
2012-12-24,13.34,10587289,141234447.5996578,78998557.66206665,0.4406565890639129,1955560.2258549675,40026.0,0.0,0,0.0,0.0
2012-12-25,13.29,10590389,140746282.1034072,79047531.329043,0.43836860094843383,1296763.6095484344,30289.0,0.0,0,0.0,0.0
2012-12-26,13.3,10594239,140903390.99600735,79139971.08796838,0.43833877574876184,1538634.6560043546,38113.0,0.0,0,0.0,0.0
2012-12-27,13.32,10598139,141167223.79449758,79211513.44740763,0.43888169421877415,1504815.0402377911,36571.0,0.0,0,0.0,0.0
2012-12-28,13.38,10602364,141859642.6698983,79328031.62236823,0.4407991580314256,2377482.358002671,42409.0,0.0,0,0.0,0.0
2012-12-29,13.47,10605964,142862347.48602936,79380043.90974803,0.4443599359340593,2207209.4230632046,39998.0,0.0,0,0.0,0.0
2012-12-30,13.41,10610114,142281641.02371866,79483713.01199362,0.4413635347462466,2317945.268891743,45781.0,0.0,0,0.0,0.0
2012-12-31,13.44,10614064,142653032.451039,79770778.5957073,0.44080558804043635,12123754.225494098,34738.0,0.0,0,0.0,0.0
2013-01-01,13.31,10618114,141327109.45891246,79814318.66842097,0.43525117739972524,2156907.551877207,37847.0,0.0,0,0.0,0.0
2013-01-02,13.29,10621939,141165581.3974122,79866776.43044871,0.43423336170304755,2427419.59844255,43105.0,0.0,0,0.0,0.0
2013-01-03,13.32,10625989,141538185.56139758,79970390.33796388,0.43499070571825527,2696424.8529769457,51270.0,0.0,0,0.0,0.0
2013-01-04,13.38,10629814,142226923.4089883,80120677.83881491,0.43667010493913605,4995977.012963426,47342.0,0.0,0,0.0,0.0
2013-01-05,13.38,10633339,142274087.8755383,80206409.8763848,0.4362542675617112,2060650.4164828055,53418.0,0.0,0,0.0,0.0
2013-01-06,13.42,10636964,142748068.96486875,80290094.90275244,0.43753988768483887,1365568.3876447931,42213.0,0.0,0,0.0,0.0
2013-01-07,13.44,10641164,143017256.242719,80404811.01815616,0.4377964370837973,2068680.1594016296,54061.0,0.0,0,0.0,0.0
2013-01-08,13.66,10644489,145403732.0068416,80658032.89509751,0.44528223738230904,5777266.831003421,56023.0,0.0,0,0.0,0.0
2013-01-09,13.69,10647739,145767559.19009194,80783597.31049186,0.445805378375418,4205394.081299883,56162.0,0.0,0,0.0,0.0
2013-01-10,14.02,10651414,149332836.82806584,81084868.578346,0.4570191640322018,4748584.765105369,61189.0,0.0,0,0.0,0.0
2013-01-11,14.1,10654339,150226192.49146682,81294768.98634651,0.45885089918015304,3271946.5496029407,61057.0,0.0,0,0.0,0.0
2013-01-12,14.15,10657389,150802066.98611742,81406373.01220348,0.4601773394810456,1749998.4635426805,50737.0,0.0,0,0.0,0.0
2013-01-13,14.09,10660714,150209472.8284467,81545979.4217059,0.4571182636740956,4241479.785393804,55504.0,0.0,0,0.0,0.0
2013-01-14,14.19,10664639,151331240.03926787,81712814.92873892,0.46004000953447655,2582143.273702567,44314.0,0.0,0,0.0,0.0
2013-01-15,14.19,10667664,151374164.77507785,81906003.94028623,0.45891688940455716,3897819.4868106334,57628.0,0.0,0,0.0,0.0
2013-01-16,14.49,10670939,154621918.95555642,82206091.92352837,0.4683412773634171,3794022.667403937,58425.0,0.0,0,0.0,0.0
2013-01-17,15.14,10673714,161600043.3590791,82833907.24226412,0.48741407786503355,5259648.884801651,58919.0,0.0,0,0.0,0.0
2013-01-18,15.64,10676739,166984211.77812502,83204896.889539,0.5017199769754588,4230398.490364313,57056.0,0.0,0,0.0,0.0
2013-01-19,15.45,10680589,165015113.68480778,83393540.58356574,0.4946308933686271,2524176.7290930613,49358.0,0.0,0,0.0,0.0
2013-01-20,15.67,10683839,167415770.93545538,83575888.13025326,0.5007884402809657,2599474.751875981,46089.0,0.0,0,0.0,0.0
2013-01-21,16.35,10687139,174734737.02184343,84196930.64688423,0.518144290700716,6387632.062060946,45939.0,0.0,0,0.0,0.0
2013-01-22,17.13,10690739,183132374.08464766,85316726.54219571,0.5341253725965431,12556566.615856152,53488.0,0.0,0,0.0,0.0
2013-01-23,17.2,10693889,183934905.83300346,85791838.54936135,0.5335749994769742,3830924.7847127263,47351.0,0.0,0,0.0,0.0
2013-01-24,17.77,10697789,190099726.03453523,86192962.23044711,0.5465908129989177,9364168.898009492,60700.0,0.0,0,0.0,0.0
2013-01-25,16.69,10701214,178603276.18049747,86637518.980693,0.5149164067229279,5749407.616571154,49558.0,0.0,0,0.0,0.0
2013-01-26,17.13,10705114,183378617.68047762,87033001.23256943,0.5253917695888766,5259592.859224863,54651.0,0.0,0,0.0,0.0
2013-01-27,17.57,10708889,188155194.91947287,87814524.03137147,0.533286741995327,12420423.022920502,49580.0,0.0,0,0.0,0.0
2013-01-28,18.29,10712564,195932811.33534136,88540796.24126448,0.5481063348306382,5425216.377189135,54296.0,0.0,0,0.0,0.0
2013-01-29,19.14,10716514,205114094.4397664,89900716.7364169,0.5617038556908284,14039350.678152528,55617.0,0.0,0,0.0,0.0
2013-01-30,19.43,10720339,208296203.41202486,91084507.87631865,0.5627164279314926,16257159.430130776,44536.0,0.0,0,0.0,0.0
2013-01-31,20.53,10725164,220187634.4425979,92399642.85104653,0.5803595279773316,9789026.671336506,47849.0,0.0,0,0.0,0.0
2013-02-01,20.7,10728839,222086984.9469949,94199706.3043299,0.5758431934819936,29777649.554975636,64411.0,0.0,0,0.0,0.0
2013-02-02,19.48,10732664,209072311.28797045,94381237.60317951,0.5485713195508639,10868917.85699413,56581.0,0.0,0,0.0,0.0
2013-02-03,20.22,10737314,217108506.24701917,94975753.56549078,0.562542457652809,3623093.248407402,57506.0,0.0,0,0.0,0.0
2013-02-04,20.41,10741414,219232277.04792148,95393390.79204528,0.5648752452122118,8781890.183706338,57373.0,0.0,0,0.0,0.0
2013-02-05,20.53,10745589,220606959.5591529,95979649.14703839,0.5649291874615466,7430355.848962244,59940.0,0.0,0,0.0,0.0
2013-02-06,21.04,10749239,226164006.34956887,96648339.66865112,0.5726625945984205,4024029.203994541,53660.0,0.0,0,0.0,0.0
2013-02-07,21.55,10753089,231729086.13845494,97419204.11510395,0.5795987213409313,5316734.628305436,58309.0,0.0,0,0.0,0.0
2013-02-08,22.4,10756864,240953772.50586498,98521107.7688189,0.5911202935558071,8406212.374756573,60205.0,0.0,0,0.0,0.0
2013-02-09,23.19,10760439,249534599.97103932,99476767.66518432,0.601350803949715,10770068.27839226,56352.0,0.0,0,0.0,0.0
2013-02-10,23.41,10764464,251996121.95149693,99998688.57390308,0.6031737004542063,3013179.868545939,57585.0,0.0,0,0.0,0.0
2013-02-11,24.04,10768439,258873293.7899444,100805553.01715195,0.6105988704306137,5401324.234843046,52291.0,0.0,0,0.0,0.0
2013-02-12,25.06,10771914,269944185.8906964,101674896.18084705,0.6233484494382983,5287203.3636023365,51859.0,0.0,0,0.0,0.0
2013-02-13,25.47,10776189,274469555.12322134,102746007.30578241,0.625656086848484,7419024.688499334,53166.0,0.0,0,0.0,0.0
2013-02-14,25.41,10779964,273918906.4830606,104461863.27174714,0.6186394556952308,7161560.950392769,51477.0,0.0,0,0.0,0.0
2013-02-15,26.95,10784439,290640653.5131438,106135409.96801992,0.6348225594558123,22481656.83967998,50145.0,0.0,0,0.0,0.0
2013-02-16,27.07,10789164,292062692.0431652,107167523.63122624,0.6330667128981079,5971819.600374008,47113.0,0.0,0,0.0,0.0
2013-02-17,26.38,10793864,284742154.18933207,108020186.49596955,0.6206385850963807,5814938.630959353,45578.0,0.0,0,0.0,0.0
2013-02-18,26.73,10797889,288627595.11612123,108785724.67323261,0.6230931258341195,6713771.126089092,47237.0,0.0,0,0.0,0.0
2013-02-19,28.18,10801864,304396550.78292334,110466372.76035567,0.6370971600163322,6417625.367331129,49402.0,0.0,0,0.0,0.0
2013-02-20,29.47,10806689,318473149.1136286,111737783.64048831,0.6491453551061499,9539552.6293017,50783.0,0.0,0,0.0,0.0
2013-02-21,29.68,10811089,320873145.9321511,112631199.36325397,0.6489852741149303,3764995.933347417,50637.0,0.0,0,0.0,0.0
2013-02-22,30.44,10815339,329218944.1972601,113914987.74595535,0.653984104639798,5417571.154456578,54319.0,0.0,0,0.0,0.0
2013-02-23,28.97,10819439,313439171.65816766,114628085.94963644,0.6342892136192593,5012113.334343233,51377.0,0.0,0,0.0,0.0
2013-02-24,29.75,10823339,321994359.7048519,115462507.20753226,0.6414145039268139,5712514.323464096,52050.0,0.0,0,0.0,0.0
2013-02-25,30.04,10828439,325286332.20817536,118495795.40140685,0.6357184926983885,32552834.20979023,56630.0,0.0,0,0.0,0.0
2013-02-26,30.95,10832589,335268654.91389114,119771327.65165384,0.6427601390818496,7256955.174090892,58809.0,0.0,0,0.0,0.0
2013-02-27,31.08,10837414,336826852.5593477,120359419.71687414,0.6426667921445864,2445860.85919271,55052.0,0.0,0,0.0,0.0
2013-02-28,32.67,10841614,354195556.1044465,123436399.8323495,0.6515021216247272,22512420.11369127,59805.0,0.0,0,0.0,0.0
2013-03-01,34.19,10845414,370804732.5252544,125154907.66779628,0.6624775880947734,6291213.342508205,63073.0,0.0,0,0.0,0.0
2013-03-02,33.86,10849039,367348488.1193706,126007845.87696576,0.6569800885201431,3971673.708128388,49230.0,0.0,0,0.0,0.0
2013-03-03,34.01,10853064,369112734.3415473,126718864.17050561,0.6566933286748916,3824180.74838166,46060.0,0.0,0,0.0,0.0
2013-03-04,35.29,10857539,383162579.9658975,128335727.31568742,0.6650619501332576,4367522.509628502,53538.0,0.0,0,0.0,0.0
2013-03-05,39.28,10861014,426620661.8158247,132401676.85778151,0.6896501067382894,11788989.508346228,57395.0,0.0,0,0.0,0.0
2013-03-06,45.18,10864889,490875721.7066945,137921123.2526862,0.7190304650367367,21822860.49919834,69152.0,0.0,0,0.0,0.0
2013-03-07,40.87,10868889,444211526.5760535,140660438.06930548,0.6833480680848046,13077760.885243887,66369.0,0.0,0,0.0,0.0
2013-03-08,43.08,10872889,468404093.0583896,142471630.758075,0.6958360678963688,3796863.393507853,56595.0,0.0,0,0.0,0.0
2013-03-09,45.28,10877114,492515758.6426157,145529095.61746216,0.7045189051035776,10040872.188878866,54122.0,0.0,0,0.0,0.0
2013-03-10,46.69,10881689,508066097.27614236,146968569.16768503,0.7107294307657668,3333316.445741402,56995.0,0.0,0,0.0,0.0
2013-03-11,47.41,10885789,516095294.94007087,149094526.9032646,0.711110470556455,6469563.946389644,53528.0,0.0,0,0.0,0.0
2013-03-12,43.65,10889164,475312043.95701635,150293603.98301902,0.6838001353136122,8013285.452934559,59741.0,0.0,0,0.0,0.0
2013-03-13,46.16,10893089,502825025.607066,152808417.39327863,0.6961002145651135,7544752.040918124,63043.0,0.0,0,0.0,0.0
2013-03-14,47.08,10897564,513057351.2318169,154560218.1746502,0.6987467038459515,6492609.744738089,61118.0,0.0,0,0.0,0.0
2013-03-15,46.68,10901864,508899049.2613323,156352524.63933077,0.6927631818800277,7175263.95210552,63498.0,0.0,0,0.0,0.0
2013-03-16,46.52,10906239,507358275.8919704,157579094.02202913,0.6894125876926036,3695302.853213221,50922.0,0.0,0,0.0,0.0
2013-03-17,46.85,10911464,511202126.27877927,158809312.2576986,0.6893414481396476,5375107.013133477,51948.0,0.0,0,0.0,0.0
2013-03-18,48.63,10916214,530855526.13793033,161701123.16351268,0.6953952342929959,3741418.267585767,58869.0,0.0,0,0.0,0.0
2013-03-19,55.13,10920464,602045224.8932573,168359890.48623216,0.7203534161140761,8986799.393992158,68744.0,0.0,0,0.0,0.0
2013-03-20,61.85,10925739,675757007.1564567,173894195.9006548,0.7426675653244194,7578378.53580599,62852.0,0.0,0,0.0,0.0
2013-03-21,68.89,10931189,753049665.90838,182734833.30945662,0.7573402637540124,14090673.372801485,69729.0,0.0,0,0.0,0.0
2013-03-22,70.45,10936914,770505648.1892085,188573219.5195676,0.7552604319478514,14749178.153380817,74974.0,0.0,0,0.0,0.0
2013-03-23,62.5,10942339,683896237.9694895,190297584.82717898,0.7217449457067072,9198572.500424394,66989.0,0.0,0,0.0,0.0
2013-03-24,68.62,10947064,751187587.0914619,195165762.17813802,0.7401903791650709,9439196.698050616,69027.0,0.0,0,0.0,0.0
2013-03-25,74.02,10950664,810568209.0520257,202424522.68035865,0.7502683667829783,12742961.7996785,66176.0,0.0,0,0.0,0.0
2013-03-26,77.23,10954439,846011386.3341388,207666258.94940487,0.7545349125273055,9140123.113628872,73013.0,0.0,0,0.0,0.0
2013-03-27,84.86,10957714,929871678.565454,216737846.61429983,0.7669163911426263,10199366.771181032,72758.0,0.0,0,0.0,0.0
2013-03-28,87.49,10962289,959090735.25921,224174914.7163395,0.7662630797327507,10011377.835659456,94464.0,0.0,0,0.0,0.0
2013-03-29,88.81,10966639,973947281.2163157,230442325.3650753,0.7633934302098087,8386398.904648709,83276.0,0.0,0,0.0,0.0
2013-03-30,91.55,10970964,1004391828.0361581,238218747.89976498,0.7628228931675566,15817507.200886415,78049.0,0.0,0,0.0,0.0
2013-03-31,92.59,10975189,1016192824.1849304,241758839.19541514,0.762093538311171,3180747.7754222574,64261.0,0.0,0,0.0,0.0
2013-04-01,99.53,10980139,1092853314.9421225,255376050.75224143,0.7663217494419495,25159652.1421439,75756.0,0.0,0,0.0,0.0
2013-04-02,107.26,10984664,1178215147.0391989,269991929.0512406,0.7708466660527,12208965.405364914,91875.0,0.0,0,0.0,0.0
2013-04-03,127.86,10989039,1405058629.4688125,297593170.301722,0.788198752663988,35659193.94398045,107142.0,0.0,0,0.0,0.0
2013-04-04,131.07,10992889,1440838066.7429004,308698746.8299619,0.7857505614577539,10989408.572624955,108892.0,0.0,0,0.0,0.0
2013-04-05,138.43,10996839,1522292534.2077875,333232361.0924875,0.7810983410846823,33908214.785227284,100035.0,0.0,0,0.0,0.0
2013-04-06,140.64,11000914,1547168658.1768634,341583772.5277855,0.7792200800329697,11550104.345573232,83086.0,0.0,0,0.0,0.0
2013-04-07,152.79,11005014,1681456212.0577574,355194714.9559266,0.78875767777429,11911857.00905125,87098.0,0.0,0,0.0,0.0
2013-04-08,180.39,11008889,1985893631.9260838,385129781.9335859,0.8060672657678775,18485351.644683182,113894.0,0.0,0,0.0,0.0
2013-04-09,213.72,11013289,2353760297.127128,449593429.91763884,0.8089892881333804,49644138.99264696,112076.0,0.0,0,0.0,0.0
2013-04-10,181.66,11018064,2001541652.4784489,466707627.6955835,0.766825922849183,35928357.62012472,133453.0,0.0,0,0.0,0.0
2013-04-11,131.95,11022064,1454361451.0213108,434560619.05380577,0.7012017757011918,22456461.41723584,124612.0,0.0,0,0.0,0.0
2013-04-12,84.59,11026389,932722313.6059507,432262595.1111595,0.5365581065172432,12680470.670516685,102967.0,0.0,0,0.0,0.0
2013-04-13,108.55,11030564,1197367809.584034,430065459.1541198,0.6408242682726499,10164905.917489724,82839.0,0.0,0,0.0,0.0
2013-04-14,97.19,11034389,1072432345.1490997,426911022.1003744,0.6019226536467238,9315411.252456212,71398.0,0.0,0,0.0,0.0
2013-04-15,86.91,11038489,959355148.953578,421439628.33766276,0.5607053041854726,10191939.14401381,100252.0,0.0,0,0.0,0.0
2013-04-16,65.39,11042914,722096199.0997236,415768499.998337,0.4242200685771535,24431031.483923547,100367.0,0.0,0,0.0,0.0
2013-04-17,84.85,11047189,937354054.9552536,422990253.82240826,0.5487401461739017,9120044.319787798,105255.0,0.0,0,0.0,0.0
2013-04-18,96.78,11050864,1069502695.8290448,430221635.1987385,0.597736745427047,3661522.441936149,82115.0,0.0,0,0.0,0.0
2013-04-19,118.46,11054289,1309491170.3017013,438290824.63163245,0.6652968461554024,5128536.464266734,105017.0,0.0,0,0.0,0.0
2013-04-20,122.9,11058139,1359045382.035954,445306068.28352004,0.6723390740518044,5228278.610233513,74504.0,0.0,0,0.0,0.0
2013-04-21,119.29,11062539,1319650373.3398612,449719449.88954866,0.6592131832984156,9595885.102011628,69879.0,0.0,0,0.0,0.0
2013-04-22,121.95,11066364,1349543187.9711926,454933049.65621024,0.6628984876429748,5532712.70846035,91718.0,0.0,0,0.0,0.0
2013-04-23,132.85,11070564,1470724534.3458214,465269034.7667161,0.6836463770738224,10979498.578529812,93177.0,0.0,0,0.0,0.0
2013-04-24,150.41,11074614,1665732812.8218293,483749304.7127966,0.7095876955840819,12266978.493460683,102540.0,0.0,0,0.0,0.0
2013-04-25,142.61,11078914,1579964040.3427372,494095408.7205082,0.6872742694743069,7577865.936129377,90773.0,0.0,0,0.0,0.0
2013-04-26,131.75,11083189,1460210256.8103085,497223265.9622875,0.6594851572619242,3087254.008363767,86206.0,0.0,0,0.0,0.0
2013-04-27,130.5,11086864,1446835857.0540438,500925000.82705575,0.6537789698915759,6673427.265923734,78260.0,0.0,0,0.0,0.0
2013-04-28,132.3,11091289,1467377641.2030652,503720469.9898673,0.6567206315227211,3281656.23378902,118063.0,0.0,0,0.0,0.0
2013-04-29,141.03,11095639,1564818081.5315824,510938935.44177604,0.6734834921247272,5502466.000999279,86970.0,0.0,0,0.0,0.0
2013-04-30,138.98,11099364,1542589720.433768,514627521.73157626,0.6663872999316592,3735110.715827597,76919.0,0.0,0,0.0,0.0
2013-05-01,120.87,11103139,1342036508.086736,511070574.73430467,0.6191828078783724,9736671.705468932,83616.0,0.0,0,0.0,0.0
2013-05-02,106.65,11106489,1184507137.5765316,508702304.0898493,0.5705367338430397,5347021.349767315,81969.0,0.0,0,0.0,0.0
2013-05-03,91.35,11109914,1014890717.3282106,507079281.5430897,0.5003607059506656,15097339.487200212,82847.0,0.0,0,0.0,0.0
2013-05-04,106.64,11113889,1185185208.6784935,508818418.0203186,0.5706844683054543,2161308.893069123,70006.0,0.0,0,0.0,0.0
2013-05-05,113.48,11118014,1261672319.9365664,511209039.4767252,0.5948163152993421,4840133.050020622,72149.0,0.0,0,0.0,0.0
2013-05-06,117.03,11122164,1301626946.9900985,512171537.2503073,0.6065143408142706,2783617.912240816,85212.0,0.0,0,0.0,0.0
2013-05-07,106.63,11126364,1186404279.0304554,513130989.8892342,0.56749061095045,4290871.898364338,109123.0,0.0,0,0.0,0.0
2013-05-08,112.94,11130489,1257077518.442508,513916616.8257414,0.5911814432394964,2564939.712585272,102439.0,0.0,0,0.0,0.0
2013-05-09,111.15,11134589,1237609656.6936848,514729404.035694,0.584093901294524,3823335.633838408,81941.0,0.0,0,0.0,0.0
2013-05-10,117.3,11138889,1306591773.9871275,514886867.55485576,0.6059313415209604,5829363.463123503,84344.0,0.0,0,0.0,0.0
2013-05-11,115.24,11143439,1284170002.991275,517415174.4007575,0.597082027149428,6404844.423253617,80920.0,0.0,0,0.0,0.0
2013-05-12,114.25,11147639,1273617847.5855014,518507927.15978396,0.5928857874104382,2131934.434489235,69607.0,0.0,0,0.0,0.0
2013-05-13,116.34,11151989,1297422493.7754683,520078896.5315628,0.5991445353948307,2333928.373887412,82800.0,0.0,0,0.0,0.0
2013-05-14,114.33,11155839,1275447164.7698064,519297583.07114255,0.5928505723991587,4111812.252182713,83724.0,0.0,0,0.0,0.0
2013-05-15,109.6,11159364,1223066382.4429765,520734442.7840881,0.5742386102183897,6881079.417291043,84760.0,0.0,0,0.0,0.0
2013-05-16,114.23,11163064,1275156892.4823105,521895071.22355735,0.5907208953655895,2687265.0145907216,84164.0,0.0,0,0.0,0.0
2013-05-17,119.9,11167089,1338934067.4170885,523577391.6536876,0.6089595414778635,2728034.731289172,78453.0,0.0,0,0.0,0.0
2013-05-18,121.96,11170814,1362392573.4119108,526966104.4826282,0.613205389718971,6523181.671723761,68371.0,0.0,0,0.0,0.0
2013-05-19,120.08,11174714,1341859753.5816846,527780257.64364606,0.6066800153779872,1592423.5240781978,64227.0,0.0,0,0.0,0.0
2013-05-20,120.47,11177939,1346606408.1049762,528911878.9961487,0.6072260789695301,2241314.697296381,71677.0,0.0,0,0.0,0.0
2013-05-21,120.06,11181714,1342476679.2856183,529801660.4361235,0.6053550362468489,2221618.9608961423,82576.0,0.0,0,0.0,0.0
2013-05-22,120.96,11185614,1353011966.608599,531194603.49978435,0.6073984439093664,2574589.76389331,74804.0,0.0,0,0.0,0.0
2013-05-23,123.55,11189964,1382520151.4491765,533382104.7888256,0.6141957828030737,2412686.4367651693,83268.0,0.0,0,0.0,0.0
2013-05-24,128.8,11194189,1441811646.666564,536453219.2754303,0.6279311375270841,2937808.802705272,84964.0,0.0,0,0.0,0.0
2013-05-25,129.9,11198314,1454661092.9502068,543391409.1679922,0.6264481040969228,14543001.887614615,69625.0,0.0,0,0.0,0.0
2013-05-26,132.96,11202389,1489469748.248341,544458693.2907625,0.6344613954522665,923167.234581907,69660.0,0.0,0,0.0,0.0
2013-05-27,128.94,11206789,1445003477.2390275,545858797.1590775,0.622243955978534,2939431.673666867,73994.0,0.0,0,0.0,0.0
2013-05-28,127.18,11210739,1425781888.1851988,547272742.2607677,0.6161595635378972,2904628.0688189142,76229.0,0.0,0,0.0,0.0
2013-05-29,129.37,11214939,1450876762.3544517,550389469.4711847,0.6206504344462555,5214117.538883496,80560.0,0.0,0,0.0,0.0
2013-05-30,129.11,11219414,1448538645.2555907,552235530.7584082,0.6187636881023856,4363833.313779327,78229.0,0.0,0,0.0,0.0
2013-05-31,127.95,11223789,1436083905.3337488,554528596.7488195,0.6138605866347719,7997974.223955276,75480.0,0.0,0,0.0,0.0
2013-06-01,128.1,11229114,1438449606.3042455,556239341.9626638,0.613306340712353,2413945.412497285,67806.0,0.0,0,0.0,0.0
2013-06-02,121.94,11234089,1369884910.6158445,557584965.1446843,0.592969481725281,3412570.3037728462,65830.0,0.0,0,0.0,0.0
2013-06-03,119.12,11239414,1338839091.3705053,559121725.9749383,0.5823831783977922,3102439.009172094,79855.0,0.0,0,0.0,0.0
2013-06-04,120.9,11244739,1359489042.2204003,560605972.7933645,0.5876347985286084,5809301.482894997,78641.0,0.0,0,0.0,0.0
2013-06-05,121.11,11249339,1362407543.5790958,562703785.0714917,0.586978369487556,10040863.045361187,78668.0,0.0,0,0.0,0.0
2013-06-06,119.73,11253864,1347425232.9005256,566304476.6511383,0.5797136176290191,9695986.602131184,73268.0,0.0,0,0.0,0.0
2013-06-07,112.35,11257889,1264823919.402084,565962459.9744321,0.5525365615776956,5601917.799401044,73768.0,0.0,0,0.0,0.0
2013-06-08,109.07,11262414,1228391582.5972214,566157919.9466172,0.5391063175884238,2539774.948722718,58258.0,0.0,0,0.0,0.0
2013-06-09,98.0,11266389,1104106200.7245593,565868432.951657,0.4874873154590462,8765561.6961444,56600.0,0.0,0,0.0,0.0
2013-06-10,104.68,11270739,1179821042.6106825,565985800.7446548,0.5202782622928528,1796114.6362730733,60964.0,0.0,0,0.0,0.0
2013-06-11,106.83,11275239,1204533868.1878028,567479705.597888,0.5288802410747903,6014632.288792203,66609.0,0.0,0,0.0,0.0
2013-06-12,108.85,11280314,1227862266.3404927,567716301.9929509,0.5376384489076561,1592506.2837943523,63764.0,0.0,0,0.0,0.0
2013-06-13,105.08,11284964,1185824101.5320072,567012079.0460107,0.521841326792508,2081597.727074347,66341.0,0.0,0,0.0,0.0
2013-06-14,100.54,11289464,1135042791.3249714,566917679.5039749,0.5005318884566511,6253134.242066841,75764.0,0.0,0,0.0,0.0
2013-06-15,100.38,11293789,1133670620.4564414,567299010.3307568,0.49959097457923946,2516754.754453926,53810.0,0.0,0,0.0,0.0
2013-06-16,99.92,11298414,1128937607.146918,567660083.942945,0.49717320040604274,2939152.28160345,48785.0,0.0,0,0.0,0.0
2013-06-17,100.72,11302039,1138341448.9895675,567838171.7609235,0.5011706089899854,1297838.4298557022,56906.0,0.0,0,0.0,0.0
2013-06-18,106.87,11305539,1208223038.7799354,568349045.2098058,0.5295992321221377,1893435.2428313447,63563.0,0.0,0,0.0,0.0
2013-06-19,106.95,11308939,1209491111.9642003,568836633.5481659,0.5296892817803501,2850068.7663932694,69145.0,0.0,0,0.0,0.0
2013-06-20,110.04,11312789,1244859389.9564338,569162315.0697914,0.5427898767830234,2044937.4343076332,67644.0,0.0,0,0.0,0.0
2013-06-21,108.13,11316989,1223706107.4321082,569076541.2586794,0.5349565244445329,1587991.020977845,69098.0,0.0,0,0.0,0.0
2013-06-22,105.02,11321389,1188972357.1438084,569415138.0665934,0.5210863106738136,1873823.0443108592,58577.0,0.0,0,0.0,0.0
2013-06-23,104.93,11325514,1188386268.3115103,569647126.3504789,0.5206549069606399,2065085.833979713,52069.0,0.0,0,0.0,0.0
2013-06-24,101.35,11329264,1148220987.815654,570192402.0228083,0.5034123151611019,3488363.0343141044,64862.0,0.0,0,0.0,0.0
2013-06-25,103.65,11333189,1174685123.1132712,570104557.5102226,0.5146745742388625,6092187.60450072,61381.0,0.0,0,0.0,0.0
2013-06-26,102.27,11337539,1159490195.684701,570698976.8538657,0.5078018089520308,3169432.8577816086,64996.0,0.0,0,0.0,0.0
2013-06-27,100.59,11341714,1140863092.0651371,570614167.5758635,0.4998399268548829,3938296.754271472,61025.0,0.0,0,0.0,0.0
2013-06-28,95.06,11345939,1078545037.7028227,569919125.0768235,0.4715852327403166,5733860.859037946,68613.0,0.0,0,0.0,0.0
2013-06-29,95.08,11350164,1079173669.4988887,569793894.342688,0.47200908394357866,6806019.752000072,60982.0,0.0,0,0.0,0.0
2013-06-30,94.26,11353989,1070227078.8601732,569594891.346596,0.4677812750232099,3603018.323985562,50786.0,0.0,0,0.0,0.0
2013-07-01,89.03,11357914,1011195154.9388523,569583002.6825348,0.43672297093138474,15339717.267774029,68677.0,0.0,0,0.0,0.0
2013-07-02,88.13,11361739,1001310128.8658715,570724609.7287499,0.43002213472545414,6370153.251019566,64158.0,0.0,0,0.0,0.0
2013-07-03,82.75,11366339,940564618.724054,568908056.8238686,0.3951419758956755,9915815.495815706,66026.0,0.0,0,0.0,0.0
2013-07-04,77.9,11370464,885759208.1779916,568278577.514008,0.3584276942681091,3524567.7565304427,60868.0,0.0,0,0.0,0.0
2013-07-05,70.82,11375114,805585630.3705437,563356626.2709161,0.30068684813582136,8069053.074164145,60510.0,0.0,0,0.0,0.0
2013-07-06,69.05,11379789,785774485.9186819,559696422.4712534,0.287713672941558,2976125.48097399,56535.0,0.0,0,0.0,0.0
2013-07-07,70.26,11384439,799870740.5806893,560145016.2642121,0.29970558010715753,2521481.178846429,48848.0,0.0,0,0.0,0.0
2013-07-08,76.0,11389239,865582225.0516992,560480417.2845123,0.35248160017260505,2445455.791651816,63047.0,0.0,0,0.0,0.0
2013-07-09,74.49,11393864,848728989.1986982,560374271.5633724,0.33974887308558555,2410132.357987883,67987.0,0.0,0,0.0,0.0
2013-07-10,81.09,11398739,924323810.6505563,563893159.7686895,0.38993980976016296,8242113.980775656,64859.0,0.0,0,0.0,0.0
2013-07-11,86.41,11403089,985340989.9041753,565083007.7861266,0.4265101994375763,3244919.851376454,73357.0,0.0,0,0.0,0.0
2013-07-12,95.07,11406939,1084457767.1008556,567095603.9100032,0.47706990432089114,6585902.795823704,78451.0,0.0,0,0.0,0.0
2013-07-13,91.8,11410864,1047517388.944026,569162009.8366693,0.456656265715621,5278654.135884852,63117.0,0.0,0,0.0,0.0
2013-07-14,93.97,11415164,1072683036.5672127,569559705.336519,0.46903261642020827,1524407.4423792171,48402.0,0.0,0,0.0,0.0
2013-07-15,96.51,11419264,1102073246.1676247,570607056.3181986,0.48224216647809853,2304975.386156714,62325.0,0.0,0,0.0,0.0
2013-07-16,95.2,11423364,1087504329.2752862,570437528.9976486,0.4754618316068786,2871088.5165152904,66223.0,0.0,0,0.0,0.0
2013-07-17,95.32,11427964,1089313605.0516837,570198328.6968675,0.47655264190901775,3972855.743211409,63007.0,0.0,0,0.0,0.0
2013-07-18,88.31,11431989,1009559019.5304677,568711379.3186051,0.4366734699838499,2945769.2932810117,63180.0,0.0,0,0.0,0.0
2013-07-19,89.65,11436264,1025261139.6169057,568441763.1634471,0.4455639239619982,2330633.998973299,58760.0,0.0,0,0.0,0.0
2013-07-20,89.09,11440914,1019271099.827051,568272456.6944873,0.44247172632392767,2908719.229730993,52401.0,0.0,0,0.0,0.0
2013-07-21,87.78,11445889,1004720206.9347125,568512750.8741161,0.4341581397983584,2717962.625234329,51123.0,0.0,0,0.0,0.0
2013-07-22,88.33,11450014,1011379807.5765339,568508659.0006678,0.4378880666374712,3572389.3471611906,60318.0,0.0,0,0.0,0.0
2013-07-23,90.9,11453539,1041126768.1210455,568937538.4594684,0.45353672974305714,2739769.1882272754,64299.0,0.0,0,0.0,0.0
2013-07-24,91.07,11457514,1043435873.1376083,569538178.1298659,0.4541704068336596,2261675.379541447,65891.0,0.0,0,0.0,0.0
2013-07-25,93.4,11461164,1070472792.629325,570363888.2749219,0.467185067941822,3734125.948362233,66443.0,0.0,0,0.0,0.0
2013-07-26,93.13,11465264,1067760111.1324307,570903218.806075,0.4653263285883623,2463720.316916208,62560.0,0.0,0,0.0,0.0
2013-07-27,92.72,11469789,1063478910.5630729,571269532.0455203,0.4628294681057153,1622649.7931870937,52441.0,0.0,0,0.0,0.0
2013-07-28,96.84,11473989,1111141172.5527177,572270820.7443957,0.484970195614595,3316896.316243878,49181.0,0.0,0,0.0,0.0
2013-07-29,97.5,11478439,1119147880.8229034,572610028.8357565,0.4883517731233879,5354413.234026873,67476.0,0.0,0,0.0,0.0
2013-07-30,100.15,11483364,1150058984.95153,574021811.0258821,0.500876199797635,5456007.046145841,69871.0,0.0,0,0.0,0.0
2013-07-31,104.48,11488114,1200278234.54554,575759922.8994912,0.5203112858932325,5761326.7749100495,80902.0,0.0,0,0.0,0.0
2013-08-01,101.46,11492539,1166033088.3425581,576529269.185251,0.5055635427938407,3281675.702742959,114307.0,0.0,0,0.0,0.0
2013-08-02,101.33,11497339,1165025442.1682577,578676240.5156078,0.5032930444517854,11165129.955624282,74760.0,0.0,0,0.0,0.0
2013-08-03,100.24,11501589,1152919361.783738,582911686.819134,0.49440376652424084,25569120.04528421,60497.0,0.0,0,0.0,0.0
2013-08-04,100.79,11506064,1159696271.4250095,583673807.411926,0.49670114339962446,1797179.941834165,60256.0,0.0,0,0.0,0.0
2013-08-05,101.91,11510789,1173064588.7535987,585166354.8811876,0.501164419682179,4597130.245642843,73178.0,0.0,0,0.0,0.0
2013-08-06,102.11,11515539,1175851769.214061,585740116.1902353,0.5018588809185159,2243220.3294292414,71549.0,0.0,0,0.0,0.0
2013-08-07,100.82,11520189,1161465535.8690786,586415848.0278738,0.49510697483668165,3394163.32224886,75671.0,0.0,0,0.0,0.0
2013-08-08,99.23,11525314,1143656987.8334029,586832871.3136641,0.4868803517518066,3989442.436999184,72378.0,0.0,0,0.0,0.0
2013-08-09,97.51,11530189,1124308807.6234267,587212124.6290306,0.47771277726598577,2382895.9663247,64634.0,0.0,0,0.0,0.0
2013-08-10,96.99,11535439,1118822306.4262245,587829656.4705701,0.47459962757782953,3219063.2526920484,59307.0,0.0,0,0.0,0.0
2013-08-11,100.37,11540839,1158354090.9580386,588480587.3167065,0.4919683092499008,3228908.552371378,54138.0,0.0,0,0.0,0.0
2013-08-12,102.04,11546239,1178178309.4278991,589117205.3049288,0.49997619155712275,3916725.693120025,103397.0,0.0,0,0.0,0.0
2013-08-13,102.21,11550814,1180608780.944292,592513970.7855587,0.4981284398785808,24547988.18340799,75003.0,0.0,0,0.0,0.0
2013-08-14,108.21,11555014,1250368151.758163,593696672.4168708,0.5251825059826866,4659121.757417464,78217.0,0.0,0,0.0,0.0
2013-08-15,105.28,11559264,1216959398.3873894,595083241.3500557,0.5110081386950056,6967570.617403994,75759.0,0.0,0,0.0,0.0
2013-08-16,103.99,11563464,1202484704.7924073,595854752.6309482,0.5044803894334652,5120659.986418034,82519.0,0.0,0,0.0,0.0
2013-08-17,107.16,11568214,1239649898.2157357,597026728.7093571,0.5183908540881783,2670969.7179448777,61413.0,0.0,0,0.0,0.0
2013-08-18,109.05,11573064,1262042716.692105,597712040.2467843,0.5263931780269483,2051479.573047462,57552.0,0.0,0,0.0,0.0
2013-08-19,112.91,11577489,1307214373.5790286,599298391.7601668,0.5415454390091009,3589376.4885588256,78552.0,0.0,0,0.0,0.0
2013-08-20,114.14,11582239,1321996851.0358722,600790223.7249454,0.54554337761532,5409453.963898944,79845.0,0.0,0,0.0,0.0
2013-08-21,115.2,11587139,1334838505.226323,603090366.4732572,0.5481922613769651,4184161.181291284,82676.0,0.0,0,0.0,0.0
2013-08-22,115.7,11592539,1341256855.1274788,604394825.9780246,0.549381743200425,2519552.188803161,83890.0,0.0,0,0.0,0.0
2013-08-23,114.32,11597439,1325819318.2002883,605907785.7678282,0.5429936964636268,3740681.164814527,81889.0,0.0,0,0.0,0.0
2013-08-24,114.52,11602014,1328662735.1607509,606811319.6789129,0.5432916844728872,1310976.9872795609,64392.0,0.0,0,0.0,0.0
2013-08-25,114.69,11605789,1331068032.4271438,608201225.2606752,0.5430727728081283,1707565.2550709173,68620.0,0.0,0,0.0,0.0
2013-08-26,115.53,11609939,1341296345.3610857,609597119.9838759,0.5455164534726527,2806734.581192212,75774.0,0.0,0,0.0,0.0
2013-08-27,124.04,11614164,1440621002.0787594,612020484.1778437,0.5751689838654842,2974961.362806984,95012.0,0.0,0,0.0,0.0
2013-08-28,123.32,11618614,1432807577.421095,614164713.4613619,0.5713557611366108,3386561.886662009,83876.0,0.0,0,0.0,0.0
2013-08-29,122.43,11623339,1423045491.9970374,616678804.7460066,0.566648565900316,10548257.52371616,74889.0,0.0,0,0.0,0.0
2013-08-30,131.48,11628464,1528910552.2079594,619916382.6657276,0.5945371808896981,4124834.08039886,89612.0,0.0,0,0.0,0.0
2013-08-31,136.3,11634039,1585719625.0551026,623164108.9713833,0.6070149482133521,4878622.084362629,88168.0,0.0,0,0.0,0.0
2013-09-01,137.57,11639564,1601254929.8540385,626424972.137184,0.6087912296424371,3699472.6942737736,57002.0,0.0,0,0.0,0.0
2013-09-02,136.42,11644939,1588602687.8313797,629177254.9583201,0.6039429746797058,4289736.531167044,62792.0,0.0,0,0.0,0.0
2013-09-03,132.95,11649789,1548839554.2173576,633723085.5322876,0.5908400687426184,7058018.981604878,72102.0,0.0,0,0.0,0.0
2013-09-04,127.63,11653864,1487382764.7190588,634104494.3740172,0.573677664273736,3446248.6451098924,76878.0,0.0,0,0.0,0.0
2013-09-05,119.49,11658339,1393055022.9782405,635351548.4377009,0.5439149653404429,2386339.872218621,70425.0,0.0,0,0.0,0.0
2013-09-06,122.84,11662964,1432678596.3159852,635970294.0065839,0.5560970229876198,2468648.8773880675,73273.0,0.0,0,0.0,0.0
2013-09-07,119.91,11666589,1398940783.1952114,637177207.1029027,0.544528821550562,3045966.881136824,62595.0,0.0,0,0.0,0.0
2013-09-08,125.97,11670514,1470134749.6472213,637844028.5982219,0.5661322686568145,1431606.691817802,56485.0,0.0,0,0.0,0.0
2013-09-09,125.47,11675589,1464936252.4960654,640509522.7735081,0.5627731092857036,9750788.284858985,73996.0,0.0,0,0.0,0.0
2013-09-10,129.3,11680364,1510271168.9389198,642095305.1793199,0.5748476708123611,2357518.086547913,70671.0,0.0,0,0.0,0.0
2013-09-11,132.58,11685364,1549245665.4905026,644725375.6513002,0.583845615958412,4369037.661436245,74682.0,0.0,0,0.0,0.0
2013-09-12,133.53,11690689,1561057809.3026986,648559094.1834922,0.5845387080999941,6811832.753874045,77033.0,0.0,0,0.0,0.0
2013-09-13,127.68,11695789,1493318441.9591746,650157193.2924428,0.5646225379501358,2275233.587200727,66579.0,0.0,0,0.0,0.0
2013-09-14,128.26,11701239,1500801017.0445151,652907823.8306482,0.5649604335180949,6067937.178735456,54055.0,0.0,0,0.0,0.0
2013-09-15,129.7,11705764,1518237694.8598442,654061794.8123052,0.569196709430479,2237786.4331228635,54802.0,0.0,0,0.0,0.0
2013-09-16,130.41,11709614,1527050866.3694859,655932359.6310487,0.5704580809475543,3208879.6959926346,69774.0,0.0,0,0.0,0.0
2013-09-17,131.68,11714089,1542511345.168422,657143979.5442399,0.5739778630461299,2389873.481343917,73046.0,0.0,0,0.0,0.0
2013-09-18,130.19,11718214,1525594385.1129773,658917865.0505999,0.5680910525887888,6714613.077107361,79097.0,0.0,0,0.0,0.0
2013-09-19,128.85,11722964,1510504014.7778792,663306330.6441742,0.5608708588955893,11004172.932659077,79121.0,0.0,0,0.0,0.0
2013-09-20,127.32,11727964,1493204478.6303422,664139661.4801772,0.5552252414288454,1751367.6171350188,77107.0,0.0,0,0.0,0.0
2013-09-21,126.95,11732689,1489464970.403487,665073561.4247651,0.5534815691270667,3637215.7060055127,66371.0,0.0,0,0.0,0.0
2013-09-22,127.0,11737764,1490696129.8936024,666817412.7599715,0.5526805232884282,3697410.592981652,63588.0,0.0,0,0.0,0.0
2013-09-23,125.78,11743014,1477036401.8347821,667727429.915011,0.5479275736971976,2348896.285433834,80541.0,0.0,0,0.0,0.0
2013-09-24,127.26,11748314,1495090541.7422035,669429721.3954558,0.5522480393626323,3844984.583444766,78405.0,0.0,0,0.0,0.0
2013-09-25,127.7,11753464,1500917455.2552207,670889084.8440455,0.5530140032051493,4681948.386410083,78501.0,0.0,0,0.0,0.0
2013-09-26,130.25,11757514,1531416303.0011158,672162671.91781,0.5610842913187138,2280797.126923096,78182.0,0.0,0,0.0,0.0
2013-09-27,131.82,11761964,1550462200.2407453,673553551.031619,0.5655788635627272,2136944.7027891697,78102.0,0.0,0,0.0,0.0
2013-09-28,135.98,11766389,1599993685.3183625,674564278.2520642,0.5783956621567283,1677208.4647924418,68931.0,0.0,0,0.0,0.0
2013-09-29,132.87,11770639,1563964910.5331728,675751085.2794262,0.5679243947685149,2832039.403984797,71312.0,0.0,0,0.0,0.0
2013-09-30,133.44,11774714,1571217943.2204907,677217320.0484405,0.5689857521227366,3954033.607083079,80461.0,0.0,0,0.0,0.0
2013-10-01,132.76,11779389,1563831790.1549184,678988022.0390049,0.5658177392776098,3700578.399732375,89795.0,0.0,0,0.0,0.0
2013-10-02,120.86,11784164,1424234158.007408,675059571.053175,0.5260192523414652,9910862.0839873,105736.0,0.0,0,0.0,0.0
2013-10-03,128.9,11789139,1519620120.5179949,677761261.7602173,0.5539929666572275,3689602.0012029554,90271.0,0.0,0,0.0,0.0
2013-10-04,127.33,11793639,1501684156.0283654,679255716.037959,0.5476707180327149,1644844.7116339006,77848.0,0.0,0,0.0,0.0
2013-10-05,127.38,11799114,1502971243.5184808,680402426.4823307,0.5472951133186705,3203486.66468217,65744.0,0.0,0,0.0,0.0
2013-10-06,127.86,11803739,1509226171.1235907,681699306.5498515,0.5483120293081459,2526239.164161042,61112.0,0.0,0,0.0,0.0
2013-10-07,126.57,11807639,1494492969.7786083,687907682.963136,0.5397049722722741,19173859.785598613,76600.0,0.0,0,0.0,0.0
2013-10-08,131.09,11811664,1548391138.9350579,689191892.3102685,0.5548980648492498,2067267.1090240844,76020.0,0.0,0,0.0,0.0
2013-10-09,130.41,11816139,1540942791.6194859,691124232.960765,0.5514926078245814,7144240.777407513,80276.0,0.0,0,0.0,0.0
2013-10-10,130.67,11820939,1544642203.9680867,692403383.0777524,0.551738660707954,3324559.567806865,80598.0,0.0,0,0.0,0.0
2013-10-11,133.69,11825564,1580959758.4210687,693916824.5000932,0.5610787556078469,2899687.519227395,79797.0,0.0,0,0.0,0.0
2013-10-12,136.79,11830914,1618350835.8082352,695417412.207732,0.5702925491675436,1763440.0056746064,66982.0,0.0,0,0.0,0.0
2013-10-13,140.06,11836439,1657811758.7117949,697510018.9708081,0.5792586128639784,3142867.6853082348,87657.0,0.0,0,0.0,0.0
2013-10-14,145.14,11842689,1718847997.907539,700467541.7520512,0.5924784840749303,3644646.358167856,82482.0,0.0,0,0.0,0.0
2013-10-15,144.82,11849189,1715999667.1707993,704577885.3553765,0.5894067470787875,4052115.877173532,85590.0,0.0,0,0.0,0.0
2013-10-16,147.37,11854439,1746988793.6666944,709364396.7237884,0.5939502306509202,14018043.032794314,93274.0,0.0,0,0.0,0.0
2013-10-17,154.76,11858614,1835239226.8057787,712741274.8833388,0.611635766894619,4278206.793691315,81453.0,0.0,0,0.0,0.0
2013-10-18,167.98,11863414,1992816418.492341,717143459.7757536,0.6401357128930592,4396638.712390499,86027.0,0.0,0,0.0,0.0
2013-10-19,169.62,11868989,2013218050.2681327,723960724.2868655,0.6403962679599242,6945836.151887577,92555.0,0.0,0,0.0,0.0
2013-10-20,182.85,11873964,2171154464.102718,728119952.3209997,0.6646392670998132,5804856.15354218,73526.0,0.0,0,0.0,0.0
2013-10-21,194.49,11879239,2310393349.151628,744325229.1683124,0.6778361444636138,40402273.18274169,96422.0,0.0,0,0.0,0.0
2013-10-22,208.9,11885364,2482852707.2029414,760306662.6111748,0.6937769766182793,18733450.589203697,109559.0,0.0,0,0.0,0.0
2013-10-23,195.84,11890889,2328711858.884749,778006480.1436281,0.6659069359846753,19284807.699969634,108034.0,0.0,0,0.0,0.0
2013-10-24,180.55,11896264,2147870610.057401,784955963.5145005,0.6345422485698415,6827034.283436352,112118.0,0.0,0,0.0,0.0
2013-10-25,177.73,11902139,2115367307.0648816,812308107.1886927,0.6159966619150468,56230195.24244759,101197.0,0.0,0,0.0,0.0
2013-10-26,195.95,11906689,2333115866.763003,813990246.440813,0.6511145211274251,4387442.185072201,73939.0,0.0,0,0.0,0.0
2013-10-27,201.42,11911164,2399146814.481649,818635226.2591983,0.658780687652052,5419068.631062167,65295.0,0.0,0,0.0,0.0
2013-10-28,202.0,11915539,2406939040.06699,822499945.5967374,0.6582796938746543,3081178.765152701,86597.0,0.0,0,0.0,0.0
2013-10-29,204.92,11919539,2442552096.28974,834356231.624944,0.6584080098466112,7811409.65872601,85463.0,0.0,0,0.0,0.0
2013-10-30,203.76,11924414,2429718760.1190586,837865418.2445037,0.6551595057020313,3119379.502380982,95949.0,0.0,0,0.0,0.0
2013-10-31,205.74,11929689,2454414379.927636,843769541.3363663,0.656223680794584,6853443.057784034,96937.0,0.0,0,0.0,0.0
2013-11-01,208.52,11934889,2488663221.578063,849378619.9423249,0.6587008589278973,5456091.367670646,87054.0,0.0,0,0.0,0.0
2013-11-02,207.34,11939939,2475627118.611335,852754877.9600639,0.6555398543063288,2760250.658816449,77879.0,0.0,0,0.0,0.0
2013-11-03,217.19,11944739,2594278037.6641064,857912139.3523282,0.6693060162029533,4521285.361817502,83335.0,0.0,0,0.0,0.0
2013-11-04,234.33,11949614,2800153236.6257315,880650392.4725478,0.6854992144880764,16523882.229433523,100574.0,0.0,0,0.0,0.0
2013-11-05,257.48,11953964,3077906857.29925,899848614.9933289,0.7076426751318546,12990133.369476112,117733.0,0.0,0,0.0,0.0
2013-11-06,292.1,11958039,3492943426.2552857,913828261.8075733,0.7383787395642791,8291115.065449617,131401.0,0.0,0,0.0,0.0
2013-11-07,316.73,11961639,3788610174.586226,950299684.4450512,0.7491693152228737,20527956.261507727,130495.0,0.0,0,0.0,0.0
2013-11-08,372.91,11964989,4461864347.180105,985761629.5941973,0.7790695653449891,13970253.81282316,130740.0,0.0,0,0.0,0.0
2013-11-09,338.34,11968689,4049486507.7141843,1007701628.1402485,0.751153232336841,12445159.49545014,129817.0,0.0,0,0.0,0.0
2013-11-10,339.29,11972964,4062307227.776381,1022968080.3153241,0.7481805232945724,11936145.722415837,117027.0,0.0,0,0.0,0.0
2013-11-11,376.88,11977639,4514132888.695283,1043089941.2659519,0.7689279498443309,12157996.624431532,116257.0,0.0,0,0.0,0.0
2013-11-12,383.04,11982664,4589839925.877523,1067206582.7239532,0.7674850103797648,13599980.869525926,116409.0,0.0,0,0.0,0.0
2013-11-13,425.59,11986864,5101489791.215892,1103927553.406476,0.7836068288704023,16056620.898010409,122999.0,0.0,0,0.0,0.0
2013-11-14,427.98,11991439,5132096406.593417,1141919072.0145707,0.7774946178821778,22901847.165374007,133441.0,0.0,0,0.0,0.0
2013-11-15,440.34,11995589,5282138013.549991,1168000136.6617112,0.7788773913772222,15721224.1706326,120013.0,0.0,0,0.0,0.0
2013-11-16,481.42,12000439,5777251729.628962,1192510169.26692,0.7935852157607978,12530850.021125764,103893.0,0.0,0,0.0,0.0
2013-11-17,595.83,12005089,7152992656.911458,1229830264.1114688,0.8280677300957152,18756689.71963845,107733.0,0.0,0,0.0,0.0
2013-11-18,807.42,12008989,9696298546.182617,1336844646.8589056,0.8621283533616841,22050570.87610101,164697.0,0.0,0,0.0,0.0
2013-11-19,567.6,12013014,6818587201.792195,1386728700.986465,0.7966252157599485,25133690.487315245,207757.0,0.0,0,0.0,0.0
2013-11-20,675.89,12017114,8122247723.734543,1453101085.6511655,0.821096187277696,24895256.08141004,165514.0,0.0,0,0.0,0.0
2013-11-21,758.16,12020864,9113738858.520737,1522221877.8287575,0.8329750389538997,10435459.451565968,188792.0,0.0,0,0.0,0.0
2013-11-22,896.89,12025164,10785250059.545458,1692917715.126459,0.8430339856952925,15658987.108321786,165424.0,0.0,0,0.0,0.0
2013-11-23,813.33,12029414,9783883941.164282,1793873284.1405923,0.8166501877037677,15400067.303178294,150900.0,0.0,0,0.0,0.0
2013-11-24,844.19,12033614,10158657279.963625,1834506291.0146084,0.8194144914571646,9490944.369725771,124669.0,0.0,0,0.0,0.0
2013-11-25,847.81,12037939,10205885743.797993,1910910960.3363376,0.8127638297834582,40485139.47307752,143016.0,0.0,0,0.0,0.0
2013-11-26,908.58,12041914,10941042951.084484,2167017782.058398,0.8019368179298116,45815896.50632051,179511.0,0.0,0,0.0,0.0
2013-11-27,1012.21,12046239,12193324390.298058,2286522877.253248,0.812477483247097,26239272.67742025,199267.0,0.0,0,0.0,0.0
2013-11-28,1129.43,12050764,13610495290.67505,2424603284.5464864,0.8218578212794613,22967754.39795298,202036.0,0.0,0,0.0,0.0
2013-11-29,1183.59,12055089,14268283739.118258,2591446367.276313,0.8183771493013177,17128460.632306036,189633.0,0.0,0,0.0,0.0
2013-11-30,1103.89,12059489,13312350197.874008,2665457948.051645,0.7997755536451167,8539318.726889867,163658.0,0.0,0,0.0,0.0
2013-12-01,1034.48,12064364,12480344100.695543,2699410829.3471274,0.7837070190078583,9345633.71157281,166648.0,0.0,0,0.0,0.0
2013-12-02,1047.9,12068339,12646413278.842567,2760398876.909626,0.7817247613180751,11247384.839481471,178035.0,0.0,0,0.0,0.0
2013-12-03,1090.4,12073339,13164769720.44082,2817783425.798969,0.785960295118279,7991117.091436668,174156.0,0.0,0,0.0,0.0
2013-12-04,972.6,12077614,11746688156.728487,2903292885.560416,0.7528415799565248,6716911.62657468,184291.0,0.0,0,0.0,0.0
2013-12-05,1017.03,12081864,12287618959.8952,2956624421.232627,0.7593818272781269,8910244.995447583,184048.0,0.0,0,0.0,0.0
2013-12-06,683.44,12087064,8260783568.491998,2953661307.631358,0.6424478037534945,7929039.234244941,169437.0,0.0,0,0.0,0.0
2013-12-07,793.24,12091939,9591810328.785837,2965130447.315947,0.6908685278713927,9391845.04377724,150908.0,0.0,0,0.0,0.0
2013-12-08,892.2,12096814,10792778166.622616,2986122552.4166656,0.7233221598446775,3218248.075772611,114541.0,0.0,0,0.0,0.0
2013-12-09,934.58,12101214,11309553329.944592,3008740309.1656237,0.7339647091809272,3661911.997842423,156261.0,0.0,0,0.0,0.0
2013-12-10,941.63,12106014,11399386718.300888,3044498393.1267295,0.7329243696734133,4530517.418009419,154548.0,0.0,0,0.0,0.0
2013-12-11,880.86,12110139,10667337746.264399,3081663288.8975673,0.7111122416671641,7661456.106884628,152926.0,0.0,0,0.0,0.0
2013-12-12,922.68,12114214,11177543713.79708,3094666283.174571,0.7231353898124641,3285133.005804354,130827.0,0.0,0,0.0,0.0
2013-12-13,888.69,12118564,10769647354.166502,3124285788.41749,0.7098989701636996,5008480.542740932,144948.0,0.0,0,0.0,0.0
2013-12-14,835.08,12123514,10124104741.114563,3116962208.7848606,0.6921246580819437,5858358.82806757,149175.0,0.0,0,0.0,0.0
2013-12-15,812.61,12127939,9855285162.756617,3135235225.0519037,0.6818727035012604,5734820.222979981,141318.0,0.0,0,0.0,0.0
2013-12-16,682.05,12132964,8275288643.416783,3127937313.656814,0.6220147177409729,14122142.510543194,177672.0,0.0,0,0.0,0.0
2013-12-17,480.0,12138039,5826259105.109678,3130447245.7270846,0.4627003040455829,5227166.689245435,158832.0,0.0,0,0.0,0.0
2013-12-18,586.67,12143014,7123942494.072281,3116415242.257258,0.5625434589273598,19945843.958794184,181247.0,0.0,0,0.0,0.0
2013-12-19,675.37,12148664,8204843747.537341,3130450767.0963616,0.6184630855357901,4818613.587783102,157749.0,0.0,0,0.0,0.0
2013-12-20,613.65,12153114,7457758898.438654,3124255307.282362,0.581073168249452,11992188.093109695,153562.0,0.0,0,0.0,0.0
2013-12-21,635.8,12157139,7729509486.309861,3181338400.844088,0.5884165215815151,125888537.42179914,127414.0,0.0,0,0.0,0.0
2013-12-22,627.64,12161364,7632959004.522997,3134256622.1159286,0.589378559447432,3715830.202606598,124085.0,0.0,0,0.0,0.0
2013-12-23,649.26,12165639,7898663298.048979,3144196689.102283,0.6019330650695136,3014906.3969035544,152467.0,0.0,0,0.0,0.0
2013-12-24,658.45,12169864,8013247479.082225,3162262250.471349,0.6053706991171662,6030560.543925227,130529.0,0.0,0,0.0,0.0
2013-12-25,699.69,12173914,8517966448.029565,3225601187.323425,0.6213179275823993,28582282.304897625,130234.0,0.0,0,0.0,0.0
2013-12-26,745.22,12178414,9075598278.978823,3243685116.0653543,0.6425926956707111,2679040.681020685,122664.0,0.0,0,0.0,0.0
2013-12-27,730.17,12183014,8895671918.20403,3263040175.4725356,0.6331878912041397,10293288.3000892,126409.0,0.0,0,0.0,0.0
2013-12-28,715.06,12186764,8714268039.541096,3267023576.470297,0.6250948947580981,1010068.265789972,115926.0,0.0,0,0.0,0.0
2013-12-29,733.41,12190964,8940975495.663519,3272929404.629076,0.6339404569203342,2862249.237561265,129271.0,0.0,0,0.0,0.0
2013-12-30,730.04,12195289,8903049367.279728,3276184972.159711,0.6320154098886314,2218333.711251313,152691.0,0.0,0,0.0,0.0
2013-12-31,749.09,12199889,9138815452.01377,3280673576.381491,0.6410176358623608,2399446.993848338,119180.0,0.0,0,0.0,0.0
2014-01-01,739.91,12205014,9030612502.378546,3282767732.9224377,0.6364844873968627,2042879.0107311876,97263.0,0.0,0,0.0,0.0
2014-01-02,805.03,12208364,9828099916.805092,3297906844.274949,0.6644410545078149,4004801.130393069,137760.0,0.0,0,0.0,0.0
2014-01-03,799.95,12212389,9769301222.359348,3318194030.8087263,0.6603447928072627,4134710.3470355,143117.0,0.0,0,0.0,0.0
2014-01-04,848.13,12215914,10360683821.284733,3375012247.3808637,0.6742481185993418,11916049.118338045,116604.0,0.0,0,0.0,0.0
2014-01-05,972.99,12220739,11890657620.251389,3408688019.724711,0.7133305719004762,7730536.040462157,136213.0,0.0,0,0.0,0.0
2014-01-06,916.41,12225389,11203469468.736584,3432402920.569101,0.6936303588680932,3719256.986963473,178918.0,0.0,0,0.0,0.0
2014-01-07,843.64,12229814,10317560959.822351,3441348452.1523614,0.6664571728189126,4348395.10387145,142546.0,0.0,0,0.0,0.0
2014-01-08,828.06,12234639,10131015834.702333,3475141392.135023,0.6569799663888168,7794543.316587631,147461.0,0.0,0,0.0,0.0
2014-01-09,832.53,12239814,10190013017.368668,3487626730.3037195,0.6577406992160725,2747550.205477443,134121.0,0.0,0,0.0,0.0
2014-01-10,900.84,12244489,11030326193.51459,3497097247.9460764,0.6829561350595201,2221066.515997432,127465.0,0.0,0,0.0,0.0
2014-01-11,858.47,12249739,10516034128.090637,3527421424.2871995,0.6645673282036351,14291388.733329495,130050.0,0.0,0,0.0,0.0
2014-01-12,814.87,12254914,9986162424.95984,3545845193.768629,0.6449241417397746,5556081.231532495,117034.0,0.0,0,0.0,0.0
2014-01-13,834.27,12259139,10227432562.874691,3553836681.606522,0.6525191772462178,3039263.245390885,152204.0,0.0,0,0.0,0.0
2014-01-14,828.69,12263189,10162382757.277792,3570124211.751012,0.6486922115589213,8285412.559595523,131571.0,0.0,0,0.0,0.0
2014-01-15,852.3,12267789,10455837248.510372,3594639422.512326,0.6562074048135698,4965103.594087591,132998.0,0.0,0,0.0,0.0
2014-01-16,826.02,12272414,10137260075.005617,3608748086.561673,0.6440114922710343,5088678.406254077,132516.0,0.0,0,0.0,0.0
2014-01-17,805.12,12276214,9883826061.6373,3613925580.489993,0.6343596540496657,2710517.739233538,129348.0,0.0,0,0.0,0.0
2014-01-18,815.69,12280564,10017133903.597738,3619956280.5180945,0.6386235508723751,2027441.3486434584,106597.0,0.0,0,0.0,0.0
2014-01-19,848.15,12284789,10419344470.830778,3631340825.159453,0.651480874317431,5514492.765947379,108929.0,0.0,0,0.0,0.0
2014-01-20,847.32,12289664,10413278780.29486,3642021251.8165584,0.6502522088711974,3394713.998012992,179152.0,0.0,0,0.0,0.0
2014-01-21,841.72,12293814,10347949795.401915,3649888297.8341093,0.6472839190371866,3440049.520978988,159741.0,0.0,0,0.0,0.0
2014-01-22,827.27,12298614,10174275067.508507,3663513927.8458233,0.6399238369773159,5513258.242502302,152994.0,0.0,0,0.0,0.0
2014-01-23,817.41,12303039,10056627764.807713,3669399679.245322,0.6351262306748526,2273114.3990409235,150325.0,0.0,0,0.0,0.0
2014-01-24,786.34,12307764,9678087774.649885,3677847884.3481436,0.6199819664808534,5227134.774223441,142628.0,0.0,0,0.0,0.0
2014-01-25,819.28,12311889,10086885077.238035,3688316849.4749427,0.6343453086624371,3688397.849417161,126988.0,0.0,0,0.0,0.0
2014-01-26,848.67,12315689,10451956464.52798,3694826365.6561604,0.6464942828459225,1717567.29732659,125578.0,0.0,0,0.0,0.0
2014-01-27,773.67,12320039,9531645193.854593,3695471867.001963,0.6122944369158253,5135293.477133344,170535.0,0.0,0,0.0,0.0
2014-01-28,817.38,12323889,10073301046.613644,3705087413.4346833,0.6321873637758273,2848781.347512268,158247.0,0.0,0,0.0,0.0
2014-01-29,828.76,12327689,10216696200.563951,3715077396.1939464,0.6363719422342343,4331969.000285679,141297.0,0.0,0,0.0,0.0
2014-01-30,808.47,12332089,9970124642.475046,3723590222.6810193,0.6265252084394553,3856024.2468140577,151812.0,0.0,0,0.0,0.0
2014-01-31,827.63,12336689,10210214581.08734,3729634724.715569,0.6347153436300865,1990498.5850806956,149086.0,0.0,0,0.0,0.0
2014-02-01,836.57,12341414,10324457381.170008,3746840787.2767415,0.6370907788228833,4579987.29030994,135027.0,0.0,0,0.0,0.0
2014-02-02,827.39,12346064,10215010556.784784,3753299413.81246,0.6325701874757703,2546862.1350602186,135688.0,0.0,0,0.0,0.0
2014-02-03,825.43,12350589,10194547340.522253,3759992504.4075685,0.63117612005567,1735061.2564120884,172516.0,0.0,0,0.0,0.0
2014-02-04,830.15,12354889,10256411769.389166,3763485641.003653,0.6330602041314307,4371066.089629239,169188.0,0.0,0,0.0,0.0
2014-02-05,819.94,12359089,10133712092.507563,3886127784.0951686,0.6165148813564175,143549705.31731316,156881.0,0.0,0,0.0,0.0
2014-02-06,783.72,12363639,9689631785.867828,3893800830.6904135,0.5981476988248966,8620257.721851764,163458.0,0.0,0,0.0,0.0
2014-02-07,724.48,12367514,8960017123.978874,3888357696.43742,0.5660323364749645,5497595.156653619,165519.0,0.0,0,0.0,0.0
2014-02-08,679.63,12372064,8408426401.595189,3885584222.893791,0.5378940080683058,2939853.0856458745,148302.0,0.0,0,0.0,0.0
2014-02-09,688.47,12375514,8520170675.947626,3888575911.64873,0.5436035192785341,3302759.5841208305,129206.0,0.0,0,0.0,0.0
2014-02-10,678.52,12379414,8399680531.664623,3891192054.5603642,0.5367452321678692,5683510.187078742,171465.0,0.0,0,0.0,0.0
2014-02-11,669.5,12383514,8290763160.14777,3889805530.0644865,0.5308266012516082,4924522.858360344,154909.0,0.0,0,0.0,0.0
2014-02-12,659.68,12387964,8172092620.789067,3886685696.265574,0.5243952954744792,5675204.416320324,215144.0,0.0,0,0.0,0.0
2014-02-13,616.05,12392414,7634347138.964203,3884791442.0769873,0.49114293974794815,2949149.407243834,164040.0,0.0,0,0.0,0.0
2014-02-14,664.13,12397189,8233345663.409356,3893341630.437523,0.5271252064952993,3974376.433087879,177311.0,0.0,0,0.0,0.0
2014-02-15,653.42,12401864,8103626499.1265955,3895314355.638437,0.519312204719915,2684022.199543995,150518.0,0.0,0,0.0,0.0
2014-02-16,618.06,12406739,7668109602.216849,3895977290.6852655,0.4919246733824802,4137283.551148457,127693.0,0.0,0,0.0,0.0
2014-02-17,630.83,12410614,7828988135.7423725,3895693816.0754066,0.5024013641954507,2208862.6862510447,180408.0,0.0,0,0.0,0.0
2014-02-18,627.85,12414689,7794562992.381483,3897219930.945883,0.5000078984857674,8526437.728027478,158222.0,0.0,0,0.0,0.0
2014-02-19,625.52,12419689,7768764365.142096,3893368650.935223,0.49884325641224275,2469815.713732837,177583.0,0.0,0,0.0,0.0
2014-02-20,563.93,12424114,7006331060.46771,3888895738.850382,0.4449454778417539,6255714.459140812,181061.0,0.0,0,0.0,0.0
2014-02-21,573.37,12427914,7125793510.201534,3890960850.2444844,0.4539610438228319,3381412.966303456,178727.0,0.0,0,0.0,0.0
2014-02-22,600.87,12432414,7470265082.265109,3892346329.1315947,0.4789547243280194,1482328.536750372,155288.0,0.0,0,0.0,0.0
2014-02-23,612.29,12436614,7614814877.30751,3894268404.5480213,0.4885931611872646,3352190.475002986,163637.0,0.0,0,0.0,0.0
2014-02-24,552.42,12441389,6872872554.593101,3873371740.759803,0.43642607803468564,6563413.262708584,215157.0,0.0,0,0.0,0.0
2014-02-25,536.13,12445414,6672360237.963442,3843710390.8304467,0.4239354210881702,13162530.664381552,209222.0,0.0,0,0.0,0.0
2014-02-26,584.5,12450014,7277033651.951264,3850997220.5659685,0.470801235125062,2762390.4153998108,201231.0,0.0,0,0.0,0.0
2014-02-27,581.78,12454714,7245903977.688976,3849992577.1723857,0.46866635425655884,3117412.2337675053,185126.0,0.0,0,0.0,0.0
2014-02-28,552.85,12459239,6888090724.708096,3856608993.9988875,0.44010479127910684,11173371.59138432,196561.0,0.0,0,0.0,0.0
2014-03-01,567.1,12462839,7067676451.891039,3854248941.940589,0.45466533900128664,12193848.98584412,181806.0,0.0,0,0.0,0.0
2014-03-02,557.22,12466339,6946493864.644198,3852063110.61809,0.445466564042608,4957589.161091321,159535.0,0.0,0,0.0,0.0
2014-03-03,661.22,12470039,8245439718.084629,3868476588.1912045,0.5308344102369073,7550510.634842829,237402.0,0.0,0,0.0,0.0
2014-03-04,667.51,12473764,8326362743.19117,3872567524.2964773,0.5349028568971194,4977517.487564264,232505.0,0.0,0,0.0,0.0
2014-03-05,662.57,12477664,8267326368.06775,3880833812.4012966,0.5305817576779263,6954573.797784619,202160.0,0.0,0,0.0,0.0
2014-03-06,659.12,12481989,8227129118.499774,3890297649.8067427,0.5271378881049891,3924941.458780509,195792.0,0.0,0,0.0,0.0
2014-03-07,629.78,12486139,7863521124.6999445,4017026373.8910384,0.48915678991778383,172810863.50560594,181085.0,0.0,0,0.0,0.0
2014-03-08,618.22,12490339,7721777872.58522,4021961988.4807873,0.47914041884576375,3531816.326804853,171426.0,0.0,0,0.0,0.0
2014-03-09,637.41,12494814,7964319903.141583,4100586418.7974696,0.4851303728796776,102524712.2604943,173672.0,0.0,0,0.0,0.0
2014-03-10,626.79,12498539,7833959762.691031,4109426461.1476865,0.4754343160251229,15438122.176230382,208180.0,0.0,0,0.0,0.0
2014-03-11,632.15,12502739,7903606966.031424,4116302213.447232,0.47918687870759363,5783836.887475492,190830.0,0.0,0,0.0,0.0
2014-03-12,632.58,12507289,7911861383.146418,4126800890.662692,0.47840328706295776,7298509.57462861,203576.0,0.0,0,0.0,0.0
2014-03-13,638.13,12511339,7983861268.049248,4132631462.3453984,0.4823768445371355,3834707.407308004,193774.0,0.0,0,0.0,0.0
2014-03-14,628.6,12514664,7866718294.733216,4131184119.6146646,0.4748529228025744,2291507.5677294065,192352.0,0.0,0,0.0,0.0
2014-03-15,635.17,12518789,7951559718.734405,4134951938.088904,0.4799822821745674,1838918.787082804,146940.0,0.0,0,0.0,0.0
2014-03-16,630.47,12523064,7895416665.91354,4138330582.722933,0.47585659404282915,2145011.84511404,140615.0,0.0,0,0.0,0.0
2014-03-17,622.15,12527089,7793728920.508305,4140399565.7333727,0.468752428014479,2980174.9004834644,189545.0,0.0,0,0.0,0.0
2014-03-18,614.3,12530739,7697633460.560157,4144731195.2367945,0.461557735052874,5775332.0312779015,143024.0,0.0,0,0.0,0.0
2014-03-19,610.58,12534739,7653461428.495558,4147201350.314568,0.45812735988011843,6460230.369611087,165260.0,0.0,0,0.0,0.0
2014-03-20,589.69,12539164,7394220092.275264,4144942868.191593,0.439434745454519,6516546.874541729,166846.0,0.0,0,0.0,0.0
2014-03-21,582.89,12543814,7311664210.119542,4160551293.5165195,0.43097068274029826,14815632.675990649,189904.0,0.0,0,0.0,0.0
2014-03-22,565.35,12548064,7094048435.986994,4162751659.3480544,0.4132050694451043,5155321.728150964,169701.0,0.0,0,0.0,0.0
2014-03-23,565.74,12553414,7101968890.259895,4164115244.102168,0.4136674901782366,1734041.682831555,149543.0,0.0,0,0.0,0.0
2014-03-24,564.58,12558114,7090060455.089213,4168786761.961306,0.4120238059509112,3879012.1427837634,192850.0,0.0,0,0.0,0.0
2014-03-25,578.71,12562039,7269778053.99588,4173980571.689374,0.42584484138479045,4260824.072540666,166960.0,0.0,0,0.0,0.0
2014-03-26,580.96,12566014,7300351959.551082,4176445140.1856704,0.42791180982423604,2838582.5535501963,169425.0,0.0,0,0.0,0.0
2014-03-27,542.8,12570339,6823180444.69486,4167819821.639552,0.38916758021838577,6144236.928762901,183197.0,0.0,0,0.0,0.0
2014-03-28,502.51,12574689,6318907372.559718,4162669269.4112167,0.34123590931433984,5982216.338038831,183068.0,0.0,0,0.0,0.0
2014-03-29,498.63,12579064,6272299082.376748,4162368350.4444346,0.33638873150366455,2563181.295610344,145217.0,0.0,0,0.0,0.0
2014-03-30,471.35,12582564,5930791919.569681,4156018311.075837,0.299247323555168,4131931.1988782743,167348.0,0.0,0,0.0,0.0
2014-03-31,458.66,12587064,5773183142.228344,4147642605.4643817,0.2815674640345002,3725052.654817904,170385.0,0.0,0,0.0,0.0
2014-04-01,462.36,12591339,5821731870.996898,4147130268.389269,0.2876466384428101,2685148.6947815395,179704.0,0.0,0,0.0,0.0
2014-04-02,466.43,12596264,5875275791.742307,4141002959.0747585,0.2951815189858945,2558428.643931889,179060.0,0.0,0,0.0,0.0
2014-04-03,433.21,12601364,5459037246.009508,4141568568.1618686,0.24133718428294176,13664962.29510426,169411.0,0.0,0,0.0,0.0
2014-04-04,442.72,12606239,5581034485.279494,4140111672.7285185,0.25818202993576655,1518123.1972496177,178187.0,0.0,0,0.0,0.0
2014-04-05,451.66,12610514,5695665115.612162,4127488241.330261,0.2753281385844531,11369426.177310117,153962.0,0.0,0,0.0,0.0
2014-04-06,459.94,12614289,5801816451.675303,4129103633.380753,0.2883084689470909,7846210.635911596,183765.0,0.0,0,0.0,0.0
2014-04-07,455.07,12618064,5742102749.588044,4128067208.605492,0.2810878891183805,1936629.927504144,159168.0,0.0,0,0.0,0.0
2014-04-08,450.72,12621414,5688724079.6979885,4126262749.534127,0.2746593626750151,1496922.7971310208,165531.0,0.0,0,0.0,0.0
2014-04-09,450.03,12625439,5681826674.234392,4127997725.632853,0.27347348620255346,9801125.273490934,179274.0,0.0,0,0.0,0.0
2014-04-10,408.83,12629314,5163242770.629146,4107178791.250356,0.20453502310334076,8071156.276478454,182996.0,0.0,0,0.0,0.0
2014-04-11,403.75,12633539,5100791695.183401,4098873033.504527,0.19642414777003545,5202303.250673022,169630.0,0.0,0,0.0,0.0
2014-04-12,425.91,12637564,5382465224.952632,4099360593.6654677,0.23838605130950125,1076747.4332770922,132286.0,0.0,0,0.0,0.0
2014-04-13,416.28,12642239,5262711584.906368,4100171319.574449,0.2209013826002024,1566807.0369017755,172709.0,0.0,0,0.0,0.0
2014-04-14,445.87,12647064,5638946783.406775,4104036865.894556,0.2721979788901115,3020997.267351927,183292.0,0.0,0,0.0,0.0
2014-04-15,487.35,12651614,6165764473.906671,4110575374.7201414,0.3333226735928736,3699513.382641681,199057.0,0.0,0,0.0,0.0
2014-04-16,516.28,12655589,6533827903.137551,4131351826.073973,0.3676980956155742,17931542.688798267,185078.0,0.0,0,0.0,0.0
2014-04-17,505.38,12659814,6398017204.792353,4136390803.592206,0.35348864012214665,5768761.1494716285,157753.0,0.0,0,0.0,0.0
2014-04-18,485.89,12663814,6153220974.295295,4133888196.5261955,0.32817491622757233,2642270.6420772625,149454.0,0.0,0,0.0,0.0
2014-04-19,491.3,12667789,6223685129.875802,4136761212.8142595,0.33531964961459876,1015935.01288243,141151.0,0.0,0,0.0,0.0
2014-04-20,502.08,12672239,6362478159.944723,4136006669.6448913,0.34993778121183766,2661635.908112765,164298.0,0.0,0,0.0,0.0
2014-04-21,500.48,12676514,6344342128.261025,4137840853.215756,0.3477903981905951,1843280.0988391608,142369.0,0.0,0,0.0,0.0
2014-04-22,494.76,12680364,6273737289.591801,4136765829.1347136,0.34062176368180835,3280935.6153390403,183648.0,0.0,0,0.0,0.0
2014-04-23,490.11,12684489,6216795297.011051,4145340353.309121,0.33320301614207193,5564280.635535151,156730.0,0.0,0,0.0,0.0
2014-04-24,490.35,12688264,6221690645.813606,4148996973.880498,0.33313994377521217,3078559.4855383,168344.0,0.0,0,0.0,0.0
2014-04-25,463.39,12692814,5881723451.2432785,4146451639.198605,0.2950277799405669,2390827.745902247,181973.0,0.0,0,0.0,0.0
2014-04-26,456.28,12696889,5793336878.998841,4147055333.4545994,0.2841681020677567,1390004.9251354076,135303.0,0.0,0,0.0,0.0
2014-04-27,452.04,12701314,5741502343.23704,4146926065.0746837,0.2777280549298425,1658686.1034267766,171956.0,0.0,0,0.0,0.0
2014-04-28,436.49,12705114,5545655560.06109,4143496755.3483853,0.25283914399783947,2818142.5816924465,167564.0,0.0,0,0.0,0.0
2014-04-29,444.28,12709389,5646527701.371099,4143206371.8450027,0.2662381925729432,3734428.4613402393,169324.0,0.0,0,0.0,0.0
2014-04-30,445.96,12712814,5669406889.238983,4143722278.490784,0.2691083283586645,1933620.8039843617,166791.0,0.0,0,0.0,0.0
2014-05-01,454.31,12717214,5777557856.838287,4145600467.5727215,0.2824649150564524,1951937.4568977472,154689.0,0.0,0,0.0,0.0
2014-05-02,449.47,12721239,5717815653.945099,4146990378.0590644,0.2747247149883572,2180049.2273995704,143764.0,0.0,0,0.0,0.0
2014-05-03,441.03,12724789,5612014046.513586,4146597576.566088,0.2611213118502215,1033405.6531060062,117112.0,0.0,0,0.0,0.0
2014-05-04,435.07,12728564,5537816688.541808,4146654001.3762355,0.2512114007030968,1303740.6937875813,156710.0,0.0,0,0.0,0.0
2014-05-05,433.22,12731689,5515622656.157532,4144632963.6929593,0.24856480907627476,3050622.4061194314,148148.0,0.0,0,0.0,0.0
2014-05-06,429.82,12736539,5474419537.829671,4142935926.470495,0.24321913988474497,2248023.747006047,168408.0,0.0,0,0.0,0.0
2014-05-07,436.61,12740514,5562636167.837368,4143132780.5663157,0.25518537334483343,2827575.463621297,161936.0,0.0,0,0.0,0.0
2014-05-08,443.61,12744689,5653671843.203551,4144276471.270331,0.26697611990828757,2158532.185835159,166810.0,0.0,0,0.0,0.0
2014-05-09,447.18,12748939,5701070900.797804,4146290136.7579856,0.27271731769240815,1442628.8365773952,163296.0,0.0,0,0.0,0.0
2014-05-10,451.58,12753414,5759187056.427976,4148127634.1038346,0.2797372973892203,1556905.932930514,135631.0,0.0,0,0.0,0.0
2014-05-11,444.94,12757214,5676195154.140626,4148623734.648623,0.2691189041267692,1650727.3407080818,165519.0,0.0,0,0.0,0.0
2014-05-12,440.2,12761314,5617530775.977668,4148885442.096408,0.2614396596030502,1653072.9674172604,154808.0,0.0,0,0.0,0.0
2014-05-13,440.04,12765364,5617271127.609298,4148533823.8422,0.2614681168847533,1448564.882947351,149525.0,0.0,0,0.0,0.0
2014-05-14,443.66,12769114,5665145473.193666,4147827344.902642,0.267833921559591,7420853.916578854,160994.0,0.0,0,0.0,0.0
2014-05-15,447.45,12773389,5715453267.044428,4149039654.053282,0.274066384554863,2266620.314505551,177425.0,0.0,0,0.0,0.0
2014-05-16,448.03,12777914,5724889168.879769,4148954911.765478,0.27527768846268613,1624646.269487555,155609.0,0.0,0,0.0,0.0
2014-05-17,449.29,12782239,5742932520.780683,4150422866.8603883,0.2772990363647546,1107224.6657244633,148474.0,0.0,0,0.0,0.0
2014-05-18,447.32,12786539,5719674984.370128,4152272468.074236,0.2740369899651737,2035703.148997676,177745.0,0.0,0,0.0,0.0
2014-05-19,445.95,12790739,5704030414.8409605,4152740987.3766155,0.271963736979407,2476925.5487630097,185612.0,0.0,0,0.0,0.0
2014-05-20,464.31,12795164,5940922969.361406,4159606755.551955,0.2998382949915484,3213210.5609823624,191147.0,0.0,0,0.0,0.0
2014-05-21,491.32,12799539,6288669895.671848,4164104414.2678914,0.33784019779225183,2872872.510381604,157994.0,0.0,0,0.0,0.0
2014-05-22,508.16,12803839,6506399233.94278,4172733807.1565423,0.35867233824384787,3334255.357032504,163175.0,0.0,0,0.0,0.0
2014-05-23,528.29,12807964,6766319725.413317,4177272858.04882,0.38263738227450467,2814544.067157076,176515.0,0.0,0,0.0,0.0
2014-05-24,520.9,12811814,6673674330.524232,4180841779.0222135,0.373532244463928,11485193.836892022,125148.0,0.0,0,0.0,0.0
2014-05-25,559.2,12815839,7166617617.452776,4197083405.010808,0.4143564469255758,6681509.523382007,187447.0,0.0,0,0.0,0.0
2014-05-26,580.22,12819789,7438298439.09737,4203583407.000151,0.4348729831939559,4182271.0553456536,171120.0,0.0,0,0.0,0.0
2014-05-27,573.97,12823189,7360126250.832922,4240443987.600347,0.4238626019328854,29345143.76433899,179228.0,0.0,0,0.0,0.0
2014-05-28,572.21,12827414,7339975024.030853,4247100643.5299993,0.4213739652212546,3122069.1494870437,184399.0,0.0,0,0.0,0.0
2014-05-29,566.65,12830939,7270652038.979999,4250403232.7076125,0.4154027438089442,2438963.172458495,171900.0,0.0,0,0.0,0.0
2014-05-30,597.16,12835114,7664617155.348532,4280811478.830941,0.44148397864286015,5361582.097818345,152486.0,0.0,0,0.0,0.0
2014-05-31,616.81,12838789,7919093937.96396,4290291070.323405,0.4582346031083373,5789583.4569299165,146658.0,0.0,0,0.0,0.0
2014-06-01,643.65,12843164,8266503025.008009,4298697012.018202,0.4799860353267049,4509729.329748561,191344.0,0.0,0,0.0,0.0
2014-06-02,635.36,12847989,8163098800.7968445,4316958541.18784,0.4711617920431836,4373267.016139809,175454.0,0.0,0,0.0,0.0
2014-06-03,661.59,12852439,8503045648.811484,4329320731.925024,0.4908505833400817,3573331.383641829,187465.0,0.0,0,0.0,0.0
2014-06-04,641.84,12856964,8252114288.715825,4335674516.340724,0.4745983435700293,3972270.7283046944,171708.0,0.0,0,0.0,0.0
2014-06-05,651.47,12860764,8378402445.762089,4345224389.80536,0.4813779335697542,2908372.092371633,183968.0,0.0,0,0.0,0.0
2014-06-06,656.65,12864239,8447303066.188063,4348403308.3108835,0.4852317628195211,3545999.499424544,174472.0,0.0,0,0.0,0.0
2014-06-07,652.93,12868114,8401978197.873463,4353607552.044972,0.4818354142900694,2035735.4842702984,140464.0,0.0,0,0.0,0.0
2014-06-08,656.19,12871514,8446159298.129001,4359942908.990563,0.4837957993574214,2521249.21862238,173643.0,0.0,0,0.0,0.0
2014-06-09,650.31,12875414,8373011000.091406,4369990647.765809,0.478086121262936,5997686.261756962,166427.0,0.0,0,0.0,0.0
2014-06-10,653.45,12879589,8416167956.320666,4379986806.768224,0.4795746912965551,10887547.932024617,179192.0,0.0,0,0.0,0.0
2014-06-11,646.29,12883239,8326309051.836112,4385419493.560047,0.4733057028920903,13146399.583664658,174884.0,0.0,0,0.0,0.0
2014-06-12,625.34,12887539,8059094139.97768,4447876163.699456,0.44809229344580226,50650187.505313225,175508.0,0.0,0,0.0,0.0
2014-06-13,599.54,12891614,7729038738.578034,4453104008.61171,0.4238476272107573,4242826.290906719,173975.0,0.0,0,0.0,0.0
2014-06-14,580.01,12896064,7479846545.988885,4453440985.6294,0.404607974475414,1568839.6290274172,149799.0,0.0,0,0.0,0.0
2014-06-15,568.08,12900814,7328694872.8973055,4456758528.531017,0.3918755514009966,1169786.5639084224,176677.0,0.0,0,0.0,0.0
2014-06-16,597.64,12905514,7712851866.453642,4461303626.32513,0.4215753519487168,3534463.051069989,178009.0,0.0,0,0.0,0.0
2014-06-17,599.64,12910114,7741421240.058266,4465656383.475978,0.42314773411782886,2236477.063470643,185470.0,0.0,0,0.0,0.0
2014-06-18,610.22,12914064,7880420623.666725,4469495093.535551,0.4328354656460058,2442119.2831468154,168299.0,0.0,0,0.0,0.0
2014-06-19,606.79,12918239,7838658729.644795,4471290838.833619,0.42958470408671134,2755781.399510744,159095.0,0.0,0,0.0,0.0
2014-06-20,593.77,12922889,7673224277.918695,4474544287.167744,0.41686256974865454,2114013.009169252,155564.0,0.0,0,0.0,0.0
2014-06-21,594.11,12927539,7680380671.951482,4477856013.623763,0.41697473017493025,1677947.323741393,154036.0,0.0,0,0.0,0.0
2014-06-22,601.94,12932039,7784312038.603583,4481892923.984395,0.4242403308400269,2107147.67438585,184284.0,0.0,0,0.0,0.0
2014-06-23,594.15,12936439,7686185708.543573,4486312355.366043,0.41631486338154877,4485085.204269828,163687.0,0.0,0,0.0,0.0
2014-06-24,592.06,12941139,7661931231.356742,4491205441.313309,0.4138285367358974,7748836.968523756,176020.0,0.0,0,0.0,0.0
2014-06-25,573.64,12945814,7426237203.198158,4491793238.095789,0.39514546664879374,1758589.423340282,175697.0,0.0,0,0.0,0.0
2014-06-26,585.36,12950089,7580464566.681253,4498768269.599072,0.40653132403352893,4152126.34305338,159501.0,0.0,0,0.0,0.0
2014-06-27,598.83,12955014,7757851514.068394,4504885322.223961,0.4193127679674425,2390671.266542749,168147.0,0.0,0,0.0,0.0
2014-06-28,599.83,12959564,7773535755.370706,4508150115.391874,0.42006440090312686,1120623.8605907587,143915.0,0.0,0,0.0,0.0
2014-06-29,599.38,12963489,7770056517.709664,4518997719.166608,0.4184086423481193,13691954.69986113,173917.0,0.0,0,0.0,0.0
2014-06-30,621.19,12966789,8054840157.298086,4530464903.027951,0.4375475099995467,5404927.838923942,183049.0,0.0,0,0.0,0.0
2014-07-01,650.58,12970114,8438097288.088031,4539357079.666785,0.4620402059034155,4697492.552574186,186679.0,0.0,0,0.0,0.0
2014-07-02,646.95,12973539,8393231575.105639,4554900349.198716,0.45731268005179676,6028854.288260523,182370.0,0.0,0,0.0,0.0
2014-07-03,645.57,12977014,8377571445.928449,4563903727.342837,0.45522353861142867,5525186.458974588,161633.0,0.0,0,0.0,0.0
2014-07-04,638.74,12981164,8291589205.828658,4567862716.464348,0.4490968374008059,1880460.141431196,145365.0,0.0,0,0.0,0.0
2014-07-05,631.03,12984964,8193902339.202834,4571798138.2762785,0.4420487395361051,2136569.480724973,128996.0,0.0,0,0.0,0.0
2014-07-06,634.17,12988514,8236926432.182093,4575534634.3893385,0.4445094693923099,1567842.953567164,184296.0,0.0,0,0.0,0.0
2014-07-07,628.38,12992264,8164079356.476707,4579552251.924955,0.43906078665294745,2450312.198219433,186369.0,0.0,0,0.0,0.0
2014-07-08,624.31,12996014,8113542001.231298,4582458536.531245,0.4352086257967459,1118204.3590584868,214449.0,0.0,0,0.0,0.0
2014-07-09,625.07,13000164,8126013012.981056,4591634616.712579,0.4349461895547566,6504429.3637428265,184926.0,0.0,0,0.0,0.0
2014-07-10,619.14,13003889,8051228332.203346,4595813024.681972,0.42917865013222717,3073923.37596582,171356.0,0.0,0,0.0,0.0
2014-07-11,622.56,13007789,8098129619.327252,4600389488.528655,0.4319195042829124,1449603.4493215969,170719.0,0.0,0,0.0,0.0
2014-07-12,630.52,13011714,8204146417.153655,4604624538.91122,0.4387442270309033,2094769.87317599,154175.0,0.0,0,0.0,0.0
2014-07-13,628.41,13015714,8179205338.920776,4608160456.629285,0.4366004684218725,1347892.1865602653,188642.0,0.0,0,0.0,0.0
2014-07-14,622.4,13019089,8103081492.958883,4610458928.605942,0.4310239959190626,1955985.4107474217,162778.0,0.0,0,0.0,0.0
2014-07-15,622.65,13023064,8108811299.159461,4614345407.988054,0.4309467519035292,2304929.9983764845,179455.0,0.0,0,0.0,0.0
2014-07-16,618.65,13026664,8058946179.950213,4617086709.594614,0.4270855510759674,1781806.2516563165,167618.0,0.0,0,0.0,0.0
2014-07-17,618.52,13030964,8059912349.525913,4622317333.076916,0.4265052605257175,3269751.9242633274,175576.0,0.0,0,0.0,0.0
2014-07-18,623.34,13035264,8125401961.873056,4627163018.956525,0.4305311859439533,3040976.911624384,171356.0,0.0,0,0.0,0.0
2014-07-19,626.57,13039689,8170278439.434525,4629265573.312571,0.4334017368405662,3968301.467831543,152755.0,0.0,0,0.0,0.0
2014-07-20,625.2,13043564,8154836714.405356,4632906858.916034,0.4318823268733148,2715008.52837105,188224.0,0.0,0,0.0,0.0
2014-07-21,621.65,13047439,8110940953.107149,4639724461.075699,0.4279671757074859,5641720.459251409,164990.0,0.0,0,0.0,0.0
2014-07-22,622.37,13050989,8122544523.264813,4642929269.194712,0.42838980372513724,2922921.272317395,167022.0,0.0,0,0.0,0.0
2014-07-23,621.3,13054639,8110847709.176339,4649452980.0959635,0.42676115409789667,7331312.013987428,177389.0,0.0,0,0.0,0.0
2014-07-24,610.52,13058214,7972301301.107418,4651866512.940583,0.41649639956603235,4508150.9782955535,178232.0,0.0,0,0.0,0.0
2014-07-25,601.52,13062289,7857228561.886612,4654741927.807614,0.4075847620894515,2862433.51850407,177663.0,0.0,0,0.0,0.0
2014-07-26,596.84,13065639,7798096459.6117935,4656431387.137159,0.40287589269330903,1835422.7939309853,139157.0,0.0,0,0.0,0.0
2014-07-27,595.9,13069464,7788094075.697619,4658922972.895382,0.40178907347391557,2704133.473582373,184649.0,0.0,0,0.0,0.0
2014-07-28,584.93,13073214,7646915534.316258,4660297163.819457,0.39056510524983157,5025437.88909677,174955.0,0.0,0,0.0,0.0
2014-07-29,585.2,13076939,7652625172.312883,4660599152.159225,0.39098034370986523,3717112.93075444,166528.0,0.0,0,0.0,0.0
2014-07-30,579.23,13081239,7577046530.693082,4659433537.225253,0.38505940034143504,4345064.116392286,183006.0,0.0,0,0.0,0.0
2014-07-31,573.09,13085089,7498934114.806888,4663758286.808504,0.3780771753148541,3314365.9787742808,181173.0,0.0,0,0.0,0.0
2014-08-01,592.07,13089014,7749612994.0047655,4671769802.333189,0.39716088971831875,7691313.937798404,175284.0,0.0,0,0.0,0.0
2014-08-02,590.4,13093089,7730160219.2849045,4674994817.974988,0.3952266595571988,2727594.548748846,143355.0,0.0,0,0.0,0.0
2014-08-03,585.31,13096939,7665769835.691136,4676787446.511958,0.38991287936441094,2060812.8856455388,171935.0,0.0,0,0.0,0.0
2014-08-04,587.67,13100139,7698559157.624593,4683173338.395651,0.3916818403925009,7167590.263947427,176332.0,0.0,0,0.0,0.0
2014-08-05,586.78,13103514,7688880415.700536,4711618474.246705,0.38721657516929553,25699881.24128422,200164.0,0.0,0,0.0,0.0
2014-08-06,585.55,13107614,7675163847.493691,4714822333.574316,0.38570401528119413,4266638.850130233,205043.0,0.0,0,0.0,0.0
2014-08-07,586.01,13111614,7683537390.302755,4718586335.86397,0.3858835981172934,3965982.174197976,180327.0,0.0,0,0.0,0.0
2014-08-08,593.25,13115564,7780808818.971494,4721760389.915238,0.3931530127815961,2211943.1635977672,174619.0,0.0,0,0.0,0.0
2014-08-09,589.2,13120114,7730371641.522131,4725797674.498122,0.3886713480740753,2554532.6768657146,152451.0,0.0,0,0.0,0.0
2014-08-10,589.84,13124539,7741378556.99561,4729299696.247158,0.38908817577801347,2255159.5090572536,199892.0,0.0,0,0.0,0.0
2014-08-11,585.97,13129089,7693252751.460664,4731009423.797281,0.38504432693972807,2493574.889005068,196673.0,0.0,0,0.0,0.0
2014-08-12,570.86,13133439,7497355445.547731,4733128088.418104,0.3686936516756919,3304238.5885147247,201361.0,0.0,0,0.0,0.0
2014-08-13,553.8,13137064,7275306487.520291,4732988931.344114,0.34944473618220007,4330865.74075117,198592.0,0.0,0,0.0,0.0
2014-08-14,521.23,13141564,6849777821.908996,4724773341.788073,0.3102296943594436,3489078.7025133804,199005.0,0.0,0,0.0,0.0
2014-08-15,506.48,13145689,6658028971.074896,4723691940.126502,0.2905269771807718,4367206.741097294,194928.0,0.0,0,0.0,0.0
2014-08-16,500.15,13149639,6576792347.126262,4726422750.847646,0.2813483380066177,2697767.636731439,183669.0,0.0,0,0.0,0.0
2014-08-17,503.26,13153889,6619826581.911451,4728021007.121414,0.2857787211464662,3331011.731976415,201837.0,0.0,0,0.0,0.0
2014-08-18,474.03,13158839,6237684831.489877,4717187975.888856,0.24375980779359907,6187983.469324826,195323.0,0.0,0,0.0,0.0
2014-08-19,471.92,13163489,6212114107.506999,4717979162.249264,0.24051955894566637,3208944.32706052,188727.0,0.0,0,0.0,0.0
2014-08-20,488.09,13167714,6427029917.860381,4721956545.9455595,0.26529725140636295,2871495.0985517306,188237.0,0.0,0,0.0,0.0
2014-08-21,519.55,13171839,6843429369.291111,4721902604.724669,0.3100093023662205,8086090.796409403,194466.0,0.0,0,0.0,0.0
2014-08-22,512.59,13175764,6753765280.017021,4724071292.182543,0.30052776542885173,4575554.84308329,182987.0,0.0,0,0.0,0.0
2014-08-23,503.95,13179814,6641967669.625047,4721897397.850248,0.2890815443976996,8351284.388772674,151633.0,0.0,0,0.0,0.0
2014-08-24,503.44,13183464,6637083520.075868,4723678224.986609,0.28829007338864804,1822532.104945517,207097.0,0.0,0,0.0,0.0
2014-08-25,503.49,13186889,6639467146.565984,4724261344.751109,0.288457757156829,6533887.46038637,181292.0,0.0,0,0.0,0.0
2014-08-26,507.53,13191214,6694937248.617323,4727250625.7109585,0.29390665660275495,3583520.643023285,190869.0,0.0,0,0.0,0.0
2014-08-27,514.7,13195439,6791692866.2499,4728247846.199361,0.3038189536373853,2604873.113144386,189180.0,0.0,0,0.0,0.0
2014-08-28,510.88,13199764,6743495842.205068,4708731588.405399,0.30173730382761194,11766944.575715886,193880.0,0.0,0,0.0,0.0
2014-08-29,507.96,13204014,6707111358.982317,4708016904.106841,0.29805595104638344,10031563.978374854,166588.0,0.0,0,0.0,0.0
2014-08-30,504.38,13208564,6662135914.990041,4709296233.731219,0.2931251637879172,2633198.87011906,167392.0,0.0,0,0.0,0.0
2014-08-31,489.75,13213264,6471196436.932219,4710110242.715258,0.27214228641957805,3437145.992810312,192189.0,0.0,0,0.0,0.0
2014-09-01,479.36,13216664,6335540439.636199,4712065701.992574,0.2562488161999403,5965695.212446089,192435.0,0.0,0,0.0,0.0
2014-09-02,478.01,13220339,6319454628.903078,4709729381.408793,0.25472534293259075,3986838.659766254,189738.0,0.0,0,0.0,0.0
2014-09-03,478.51,13224564,6328086503.554234,4710410976.8153105,0.25563423095280685,3391676.5311756493,173060.0,0.0,0,0.0,0.0
2014-09-04,484.32,13228514,6406834289.055666,4713499853.267181,0.2643012694555072,5088769.352217212,179977.0,0.0,0,0.0,0.0
2014-09-05,486.88,13232139,6442464226.949584,4714814987.686994,0.2681659033566117,5808893.351536825,184925.0,0.0,0,0.0,0.0
2014-09-06,484.92,13236614,6418699249.937053,4718599906.091555,0.2648666462854091,9286130.939289195,157224.0,0.0,0,0.0,0.0
2014-09-07,485.85,13240489,6432891970.453203,4716885841.514433,0.2667550048750276,3960978.492552348,235568.0,0.0,0,0.0,0.0
2014-09-08,475.35,13244089,6295578087.528929,4716213915.93433,0.25086880817556717,2141231.035204287,194260.0,0.0,0,0.0,0.0
2014-09-09,472.02,13247739,6253198141.48723,4713838686.240727,0.24617154620985496,10160600.413265107,234342.0,0.0,0,0.0,0.0
2014-09-10,481.11,13251664,6375508453.040245,4713060322.603238,0.2607553801680314,4885907.248675447,229953.0,0.0,0,0.0,0.0
2014-09-11,478.75,13255914,6346269211.606789,4713971885.065677,0.25720581212593036,3516303.1931008627,174453.0,0.0,0,0.0,0.0
2014-09-12,476.24,13259764,6314830389.452986,4712098689.901133,0.2538043938961103,4040711.5474425,168723.0,0.0,0,0.0,0.0
2014-09-13,478.52,13264289,6347227956.202257,4713760406.162172,0.25735132900716534,1706627.6483714252,154996.0,0.0,0,0.0,0.0
2014-09-14,478.01,13268239,6342351307.903078,4715450683.592884,0.25651379832633137,1923991.6864740795,239453.0,0.0,0,0.0,0.0
2014-09-15,477.23,13272189,6333887139.357275,4715168871.467273,0.25556474756736197,5572064.647732953,193377.0,0.0,0,0.0,0.0
2014-09-16,471.56,13276464,6260649742.178166,4714953548.332787,0.24689069944801142,2441287.2030735738,221075.0,0.0,0,0.0,0.0
2014-09-17,460.88,13281114,6121000190.089477,4715577700.371609,0.22960667310440377,4072463.1191135305,194347.0,0.0,0,0.0,0.0
2014-09-18,440.97,13285589,5858546535.125448,4707656277.897708,0.19644637971679035,6558163.733351201,193886.0,0.0,0,0.0,0.0
2014-09-19,406.26,13289864,5399140474.587204,4695805352.722152,0.13026797972298107,5523599.5749051655,170940.0,0.0,0,0.0,0.0
2014-09-20,410.69,13294264,5459821611.661446,4687067645.832441,0.14153465457158995,13892030.866981108,170001.0,0.0,0,0.0,0.0
2014-09-21,401.48,13298364,5339027500.832154,4685625020.904577,0.12238230273691905,4358629.768274224,204754.0,0.0,0,0.0,0.0
2014-09-22,402.54,13302564,5354814435.522604,4683895710.97732,0.12529261893644048,1891597.287508184,205964.0,0.0,0,0.0,0.0
2014-09-23,408.88,13306314,5440685996.369261,4685558804.15487,0.13879264355971116,4253745.781036009,199744.0,0.0,0,0.0,0.0
2014-09-24,426.93,13310214,5682530005.55099,4684182636.202131,0.17568712675051804,2412469.326930044,190511.0,0.0,0,0.0,0.0
2014-09-25,413.58,13314514,5506617031.940126,4682500366.250417,0.1496593391023148,2630195.4886405813,200913.0,0.0,0,0.0,0.0
2014-09-26,406.41,13317864,5412513434.307551,4676673870.062659,0.1359515450956163,5197137.323318696,181445.0,0.0,0,0.0,0.0
2014-09-27,402.73,13321214,5364852837.335044,4675113137.817057,0.12856637832038112,1706285.1263391236,171498.0,0.0,0,0.0,0.0
2014-09-28,392.29,13324464,5227054297.298908,4673630485.009406,0.10587680571358998,4963243.8965635095,235770.0,0.0,0,0.0,0.0
2014-09-29,378.85,13327889,5049271051.605837,4662225747.545688,0.07665369913882042,8331947.671433031,194700.0,0.0,0,0.0,0.0
2014-09-30,381.08,13331714,5080449876.864992,4660115795.11733,0.08273560254215899,5038903.741148178,220050.0,0.0,0,0.0,0.0
2014-10-01,385.55,13335589,5141536648.281326,4656398351.526301,0.09435667387826424,3997973.452849076,212341.0,0.0,0,0.0,0.0
2014-10-02,380.45,13339039,5074837692.7895355,4653195906.264754,0.0830847826175527,4165526.1404376985,184653.0,0.0,0,0.0,0.0
2014-10-03,370.39,13342689,4941998875.878279,4637778614.839766,0.061558140477004454,8466028.068316698,176661.0,0.0,0,0.0,0.0
2014-10-04,347.85,13346539,4642593870.234171,4629271464.781019,0.0028696038950483784,6547421.585266363,165752.0,0.0,0,0.0,0.0
2014-10-05,317.85,13350764,4243540592.4148154,4627611395.351239,-0.09050715895658858,23470038.841074497,250320.0,0.0,0,0.0,0.0
2014-10-06,325.42,13354789,4345915697.468316,4592385908.580398,-0.05671306768689993,12386705.235313289,190560.0,0.0,0,0.0,0.0
2014-10-07,331.19,13358139,4424082321.127655,4588236616.665748,-0.03710471090335663,5498637.696107075,205801.0,0.0,0,0.0,0.0
2014-10-08,338.96,13361739,4529095323.391618,4590810354.045188,-0.013626348364722606,7369463.558824454,193165.0,0.0,0,0.0,0.0
2014-10-09,363.13,13365439,4853392155.413495,4586039745.863265,0.05508568048679602,4036142.522397289,189578.0,0.0,0,0.0,0.0
2014-10-10,363.19,13369314,4855601443.051634,4582759040.839883,0.056191268046142565,8252392.444081351,200510.0,0.0,0,0.0,0.0
2014-10-11,361.15,13372914,4829628180.854918,4583196830.673893,0.05102491143270629,1413941.9967507075,165940.0,0.0,0,0.0,0.0
2014-10-12,363.76,13376614,4865877400.488952,4579991358.426884,0.05875323575422194,6444338.511859375,245872.0,0.0,0,0.0,0.0
2014-10-13,379.19,13380489,5073747928.138623,4589485319.641956,0.09544475116924572,5861380.100190001,209188.0,0.0,0,0.0,0.0
2014-10-14,402.04,13383789,5380818852.1214485,4592341805.862923,0.14653476876436008,3927069.944800778,216132.0,0.0,0,0.0,0.0
2014-10-15,395.34,13387564,5292639868.945959,4583685301.006103,0.13395103114791115,8252440.188416166,211131.0,0.0,0,0.0,0.0
2014-10-16,388.03,13391264,5196212481.241059,4584268318.214456,0.11776734789729912,3146510.4482396417,185449.0,0.0,0,0.0,0.0
2014-10-17,381.0,13394814,5103424439.680807,4580560255.224963,0.10245359574453627,4619314.952845692,185037.0,0.0,0,0.0,0.0
2014-10-18,386.69,13398914,5181226364.905962,4582951238.823518,0.11546979111639388,1385111.2087992453,177159.0,0.0,0,0.0,0.0
2014-10-19,390.96,13402239,5239739673.111833,4584016229.717947,0.12514427897225236,2224053.1946592256,232571.0,0.0,0,0.0,0.0
2014-10-20,384.3,13405664,5151796983.528437,4583380406.223101,0.1103336523396989,2169417.1228630184,202216.0,0.0,0,0.0,0.0
2014-10-21,386.61,13409489,5184242852.471777,4583848837.366826,0.1158113213810366,1710143.9930534002,211343.0,0.0,0,0.0,0.0
2014-10-22,385.39,13413464,5169415200.162956,4582791709.269549,0.11347966224011463,5068564.203858604,203090.0,0.0,0,0.0,0.0
2014-10-23,369.5,13417239,4957670106.954222,4578735931.480477,0.0764339230523237,4953682.770071807,199227.0,0.0,0,0.0,0.0
2014-10-24,358.76,13421214,4814995022.477392,4573463466.390747,0.05016236879978606,6513149.248150094,188838.0,0.0,0,0.0,0.0
2014-10-25,351.01,13425089,4712340771.509476,4570708016.928496,0.03005571147088562,2091113.8863439995,212053.0,0.0,0,0.0,0.0
2014-10-26,352.56,13428214,4734251410.703059,4570257924.541544,0.03463979242647813,1253250.1846549865,214251.0,0.0,0,0.0,0.0
2014-10-27,355.29,13432189,4772322714.863371,4566979707.666463,0.043027896365299946,3442434.887155489,223473.0,0.0,0,0.0,0.0
2014-10-28,357.15,13435639,4798538755.39567,4566602297.83791,0.04833480969533935,2978923.4299660847,204527.0,0.0,0,0.0,0.0
2014-10-29,348.1,13439514,4678295102.684749,4560495237.559182,0.025180084312758356,3614552.989378155,201467.0,0.0,0,0.0,0.0
2014-10-30,339.5,13443764,4564158150.384867,4558560353.413933,0.0012264686688084826,3243908.403942465,206127.0,0.0,0,0.0,0.0
2014-10-31,342.38,13448464,4604485379.015524,4551135744.109412,0.011586448976306294,4168985.671006873,203726.0,0.0,0,0.0,0.0
2014-11-01,330.68,13452439,4448452793.828476,4549004619.987371,-0.022603775024519813,4534814.24525771,174273.0,0.0,0,0.0,0.0
2014-11-02,325.78,13456314,4383798236.297148,4547810373.029997,-0.03741324939976819,2238492.774331554,270224.0,0.0,0,0.0,0.0
2014-11-03,329.39,13460539,4433767205.483494,4544715804.558846,-0.02502355083914559,2844497.031654143,212174.0,0.0,0,0.0,0.0
2014-11-04,328.53,13464589,4423521687.753505,4540320458.338446,-0.026404023497454,4909959.883886821,205043.0,0.0,0,0.0,0.0
2014-11-05,338.12,13468039,4553813617.957676,4539816905.788094,0.0030736242946762726,4074087.52436237,202806.0,0.0,0,0.0,0.0
2014-11-06,343.26,13471889,4624360893.541558,4547726001.423181,0.016571996408283565,5192490.182456142,227111.0,0.0,0,0.0,0.0
2014-11-07,345.94,13475639,4661762833.211755,4545357958.432182,0.024970140898260693,14657152.275294922,222497.0,0.0,0,0.0,0.0
2014-11-08,344.54,13479464,4644214802.988519,4546751472.261991,0.020985965305440054,5593435.575257221,167929.0,0.0,0,0.0,0.0
2014-11-09,351.33,13483214,4737057856.496215,4545372353.3498745,0.040465096469841595,5861200.295117958,251007.0,0.0,0,0.0,0.0
2014-11-10,365.56,13486889,4930267436.133113,4546413554.585261,0.07785660443785465,3557680.278133161,212593.0,0.0,0,0.0,0.0
2014-11-11,367.84,13490114,4962203828.882383,4546224823.139867,0.08382948788224319,3842592.784226903,202555.0,0.0,0,0.0,0.0
2014-11-12,394.86,13493789,5328157841.34085,4555506702.288429,0.14501280969145994,5697996.692185912,227988.0,0.0,0,0.0,0.0
2014-11-13,431.16,13497414,5819545366.164769,4572576367.87856,0.2142725796994678,8256492.614862683,217191.0,0.0,0,0.0,0.0
2014-11-14,397.25,13501264,5363377442.718374,4571122700.068883,0.14771564207644966,4571029.996140609,222061.0,0.0,0,0.0,0.0
2014-11-15,387.3,13504764,5230395407.935372,4570277310.678773,0.12620806760710507,1979652.19834454,178799.0,0.0,0,0.0,0.0
2014-11-16,384.05,13508514,5187945109.827859,4572302719.30078,0.1186678689720189,1971104.3530468,249348.0,0.0,0,0.0,0.0
2014-11-17,396.79,13512114,5361472032.409311,4569709674.856352,0.14767630097981901,3813790.979443109,213659.0,0.0,0,0.0,0.0
2014-11-18,382.01,13515964,5163233714.131143,4567784781.069518,0.11532480728733105,3163398.1535265646,209238.0,0.0,0,0.0,0.0
2014-11-19,380.05,13519489,5138082099.368611,4565180038.677048,0.11150114957524018,5264835.093152849,201971.0,0.0,0,0.0,0.0
2014-11-20,366.77,13522939,4959808631.29391,4559033524.648431,0.08080455042494762,5171995.226322137,214504.0,0.0,0,0.0,0.0
2014-11-21,352.39,13526114,4766467595.186666,4555918053.849803,0.044173077259453596,2437398.1392667,199753.0,0.0,0,0.0,0.0
2014-11-22,357.49,13529964,4836827117.178456,4556063613.978272,0.058047041252110354,1481667.1509592496,179867.0,0.0,0,0.0,0.0
2014-11-23,359.64,13533514,4867193263.503427,4557380404.701605,0.06365328887285998,1310787.1981038584,248628.0,0.0,0,0.0,0.0
2014-11-24,375.52,13537189,5083485514.564138,4559433802.833453,0.10308905380555959,2608121.0886211637,209307.0,0.0,0,0.0,0.0
2014-11-25,383.65,13540489,5194808912.656934,4559216730.739802,0.12235140745380216,3358193.7327226466,211531.0,0.0,0,0.0,0.0
2014-11-26,373.07,13543914,5052828295.298474,4557723954.202304,0.09798558592557997,4271025.744915805,199260.0,0.0,0,0.0,0.0
2014-11-27,372.72,13547439,5049401763.117665,4558113954.339538,0.09729624058965562,1900133.531264519,213150.0,0.0,0,0.0,0.0
2014-11-28,370.53,13551139,5021103830.950603,4516599944.523962,0.10047668867487393,53191665.03972554,208734.0,0.0,0,0.0,0.0
2014-11-29,379.08,13555064,5138453965.260368,4516895868.219686,0.1209620833898408,3007453.5539755346,187588.0,0.0,0,0.0,0.0
2014-11-30,378.9,13559064,5137529653.595952,4518785107.58577,0.12043619944404595,2655524.601129837,278885.0,0.0,0,0.0,0.0
2014-12-01,381.05,13562314,5167920055.420923,4518994053.325608,0.12556811930838982,5019778.790086042,218165.0,0.0,0,0.0,0.0
2014-12-02,382.46,13566064,5188477144.292182,4515360156.823901,0.12973305437198918,6704580.66062166,255958.0,0.0,0,0.0,0.0
2014-12-03,380.02,13568964,5156478004.174541,4515393159.050024,0.12432610875204218,3618575.453606907,233287.0,0.0,0,0.0,0.0
2014-12-04,375.5,13572614,5096516858.268092,4502667431.901415,0.11652064397732224,18191289.923224077,225880.0,0.0,0,0.0,0.0
2014-12-05,374.1,13576514,5078974187.544856,4504418407.638451,0.11312437486203136,2636136.4819494355,224513.0,0.0,0,0.0,0.0
2014-12-06,376.15,13579939,5108094356.639595,4504978080.179604,0.11807070002065444,1816560.7549074455,191806.0,0.0,0,0.0,0.0
2014-12-07,377.47,13583089,5127208907.678647,4505448724.087944,0.12126679345160642,4073131.884333456,258387.0,0.0,0,0.0,0.0
2014-12-08,370.68,13587164,5036490248.920949,4471281563.054726,0.11222273010204227,29319014.90607723,246912.0,0.0,0,0.0,0.0
2014-12-09,354.25,13590714,4814510718.718966,4471693937.542648,0.07120490558748474,23713378.097524747,221182.0,0.0,0,0.0,0.0
2014-12-10,351.09,13594289,4772819206.69366,4461785875.925546,0.06516763306934067,5114339.553613887,224653.0,0.0,0,0.0,0.0
2014-12-11,352.9,13597989,4798730601.235845,4460085693.079089,0.0705696852558346,3560746.420705289,217211.0,0.0,0,0.0,0.0
2014-12-12,352.09,13601514,4788957346.745972,4459976623.990374,0.06869568863024762,3092881.891257925,220209.0,0.0,0,0.0,0.0
2014-12-13,349.52,13605164,4755277201.704031,4459639941.15812,0.06217035264315835,2058872.6046738047,184764.0,0.0,0,0.0,0.0
2014-12-14,350.5,13608689,4769845775.710297,4460791006.958386,0.06479345104316032,1894271.955303594,280731.0,0.0,0,0.0,0.0
2014-12-15,349.38,13612214,4755835607.631707,4458135369.001381,0.06259683117570455,3347886.7530616573,243393.0,0.0,0,0.0,0.0
2014-12-16,337.17,13615789,4590835847.64548,4455469360.850115,0.029486239823798378,3175095.2290152507,256401.0,0.0,0,0.0,0.0
2014-12-17,324.08,13618989,4413642215.133218,4451789779.208416,-0.008643102955740322,3251705.148182701,247390.0,0.0,0,0.0,0.0
2014-12-18,313.65,13622214,4272607672.7451053,4447146151.716425,-0.04085057471686385,4948387.132726317,240176.0,0.0,0,0.0,0.0
2014-12-19,313.97,13625639,4278042128.731846,4443950734.732481,-0.038781433424035956,4019322.4319130327,224313.0,0.0,0,0.0,0.0
2014-12-20,325.48,13628989,4435963600.856455,4442699531.158207,-0.001518481869520205,3014715.255784551,253403.0,0.0,0,0.0,0.0
2014-12-21,325.46,13632289,4436765039.060408,4432125768.553932,0.0010456425944651616,5647887.378358333,235768.0,0.0,0,0.0,0.0
2014-12-22,329.23,13636389,4489508614.615124,4431885359.454081,0.012835091790102978,3385875.3247695817,259281.0,0.0,0,0.0,0.0
2014-12-23,334.51,13640139,4562763165.27133,4433147806.507641,0.028407207227022776,4064087.960900944,245356.0,0.0,0,0.0,0.0
2014-12-24,331.51,13643964,4523110771.614395,4410113267.513979,0.02498225442753969,26965162.774444025,190014.0,0.0,0,0.0,0.0
2014-12-25,321.91,13647914,4393400254.012201,4409724642.748613,-0.0037156616271199205,1436225.1032291872,166682.0,0.0,0,0.0,0.0
2014-12-26,324.44,13651714,4429162350.46205,4410223025.844945,0.00427605111723433,1740988.407811561,187762.0,0.0,0,0.0,0.0
2014-12-27,321.26,13655514,4386970685.390698,4409327252.104587,-0.005096128585572511,1326423.465364482,210168.0,0.0,0,0.0,0.0
2014-12-28,318.02,13659739,4344070451.931208,4409596065.14903,-0.015083920471108356,1025109.4487270266,266893.0,0.0,0,0.0,0.0
2014-12-29,317.39,13663839,4336766114.855752,4404992290.133841,-0.015732039374772206,4726889.21833214,200177.0,0.0,0,0.0,0.0
2014-12-30,315.68,13667714,4314624208.793798,4385677286.003354,-0.01646796424697652,32948033.19906714,209696.0,0.0,0,0.0,0.0
2014-12-31,315.19,13671514,4309124750.540666,4380872021.159736,-0.016650079719801085,8652625.3250611,180017.0,0.0,0,0.0,0.0
2015-01-01,316.93,13675639,4334220522.546688,4381374893.48943,-0.010879550474518893,1057452.191390984,141655.0,0.0,0,0.0,0.0
2015-01-02,316.03,13679764,4323216070.474607,4381470177.718489,-0.013474715650167822,2343857.14759576,208771.0,0.0,0,0.0,0.0
2015-01-03,305.19,13683814,4176163439.5175476,4371480552.129222,-0.046769508770528,5054960.831260244,241254.0,0.0,0,0.0,0.0
2015-01-04,275.31,13688114,3768474886.22447,4363249900.642274,-0.1578291039146853,6706233.474418344,241042.0,0.0,0,0.0,0.0
2015-01-05,272.66,13692014,3733264755.998344,4355403652.972032,-0.1666474085380843,5726380.974635995,241804.0,0.0,0,0.0,0.0
2015-01-06,277.86,13695964,3805560779.9703655,4356404975.944191,-0.14474718124935979,18583174.512399,214620.0,0.0,0,0.0,0.0
2015-01-07,289.06,13699464,3959967295.7562575,4355107481.594896,-0.09978369929016714,6344788.236754702,202738.0,0.0,0,0.0,0.0
2015-01-08,289.84,13703139,3971718040.3020606,4347272553.749653,-0.09455719404971413,11952453.493264062,232400.0,0.0,0,0.0,0.0
2015-01-09,285.94,13706639,3919276585.073045,4339456035.959175,-0.10720842016774872,6941270.528549906,239105.0,0.0,0,0.0,0.0
2015-01-10,281.27,13710314,3856300244.446248,4335268861.754313,-0.12420418197412524,3713721.3199562286,272475.0,0.0,0,0.0,0.0
2015-01-11,274.69,13714189,3767150796.7970366,4333549588.443962,-0.15035203584855097,6522250.613042823,248740.0,0.0,0,0.0,0.0
2015-01-12,270.42,13717739,3709551197.3411655,4328469151.73588,-0.16684442981628778,4187630.534577458,220907.0,0.0,0,0.0,0.0
2015-01-13,241.05,13720914,3307426513.0972667,4310603141.679214,-0.3033103304364921,13174925.651098564,255091.0,0.0,0,0.0,0.0
2015-01-14,199.02,13724539,2731457911.4561005,4278485236.969567,-0.5663742132086409,14435055.69589395,252619.0,0.0,0,0.0,0.0
2015-01-15,206.87,13728314,2839976483.154248,4276589365.021923,-0.5058537950539951,12065385.531910151,264674.0,0.0,0,0.0,0.0
2015-01-16,212.21,13731789,2914023113.9485936,4271284578.7499995,-0.4657689427048757,4659953.412427572,243200.0,0.0,0,0.0,0.0
2015-01-17,201.75,13735239,2771084630.1164117,4267803034.568469,-0.5401200628034161,2341315.732770692,278596.0,0.0,0,0.0,0.0
2015-01-18,206.68,13739064,2839589913.3418093,4266974321.4120736,-0.502672727975156,3509852.2969111013,244676.0,0.0,0,0.0,0.0
2015-01-19,212.69,13742664,2922927376.8037033,4265501017.530309,-0.45932500799754555,2030245.213039982,253702.0,0.0,0,0.0,0.0
2015-01-20,211.91,13745614,2912833232.7578998,4262073546.5372796,-0.46320547932704875,2620811.585414831,226428.0,0.0,0,0.0,0.0
2015-01-21,215.91,13749339,2968619956.7171474,4240508737.6972923,-0.428444462249949,15874148.101681637,226149.0,0.0,0,0.0,0.0
2015-01-22,232.3,13752714,3194755648.5770383,4240696268.8463345,-0.3273929950590005,2151169.099359969,224102.0,0.0,0,0.0,0.0
2015-01-23,230.6,13755814,3172090893.413108,4239616511.8479543,-0.336536894529592,1890453.9653043028,215307.0,0.0,0,0.0,0.0
2015-01-24,238.2,13758964,3277385415.910678,4241717167.967221,-0.29423812877637606,3638571.768294854,204729.0,0.0,0,0.0,0.0
2015-01-25,248.82,13762089,3424283184.6112294,4242444859.769868,-0.2389293265333507,1391515.2208071193,320035.0,0.0,0,0.0,0.0
2015-01-26,281.16,13765264,3870241851.8179946,4231117667.3867226,-0.09324373757139011,18760061.08304505,261210.0,0.0,0,0.0,0.0
2015-01-27,261.64,13768989,3602518491.8768673,4229857296.3187485,-0.17413895469417714,3032020.559953609,250956.0,0.0,0,0.0,0.0
2015-01-28,253.42,13773089,3490376417.701864,4226316805.6885676,-0.21084843005880216,3867095.363145725,200289.0,0.0,0,0.0,0.0
2015-01-29,232.72,13777189,3206227610.794009,4222406185.357324,-0.3169390005694769,3705329.789391105,214250.0,0.0,0,0.0,0.0
2015-01-30,232.88,13780639,3209235397.162379,4217810252.6536517,-0.31427263216124923,2416815.14937464,194109.0,0.0,0,0.0,0.0
2015-01-31,228.53,13784789,3150238013.5223227,4211000704.0808363,-0.33672461763371997,3222241.756647954,276617.0,0.0,0,0.0,0.0
2015-02-01,219.14,13788664,3021648004.7786145,4210809518.4254913,-0.3935473330335849,1931805.6077979533,251020.0,0.0,0,0.0,0.0
2015-02-02,227.5,13792639,3137825555.0259414,4210197630.0007095,-0.34175643488438046,4220390.202255574,226667.0,0.0,0,0.0,0.0
2015-02-03,237.42,13795814,3275402350.3648744,4208654624.710068,-0.28492752172606556,4162355.120944836,240642.0,0.0,0,0.0,0.0
2015-02-04,226.28,13799789,3122616436.467121,4205258884.154394,-0.34671003298508146,6923834.045128013,231694.0,0.0,0,0.0,0.0
2015-02-05,223.5,13803764,3085141433.3166943,4200461499.41369,-0.3615134314597585,2645252.665414745,215030.0,0.0,0,0.0,0.0
2015-02-06,220.81,13808189,3048986390.248475,4200347763.551734,-0.37762102742919407,2567222.548216856,232945.0,0.0,0,0.0,0.0
2015-02-07,226.79,13812164,3132460855.5162997,4199892733.112591,-0.34076463420653164,1983806.335570871,195072.0,0.0,0,0.0,0.0
2015-02-08,225.8,13815464,3119531952.3620114,4198995387.0788016,-0.3460337804520497,1457168.7880285766,291521.0,0.0,0,0.0,0.0
2015-02-09,221.7,13819489,3063780889.1725326,4195969210.676291,-0.3695395860405476,4392843.344979853,230993.0,0.0,0,0.0,0.0
2015-02-10,219.58,13823089,3035274058.7916317,4194721463.20889,-0.3819910103533926,2273597.246775273,232025.0,0.0,0,0.0,0.0
2015-02-11,222.17,13827039,3071953432.879619,4191254218.750628,-0.36436124776207535,3507234.798201388,233224.0,0.0,0,0.0,0.0
2015-02-12,221.34,13830014,3061135476.3437004,4190296971.0669994,-0.36887014751532615,2529247.3653057227,230955.0,0.0,0,0.0,0.0
2015-02-13,232.28,13833664,3213283660.280992,4191246297.728414,-0.3043499238912204,4460606.737763652,308353.0,0.0,0,0.0,0.0
2015-02-14,246.19,13837664,3406694697.6811495,4193136736.8569517,-0.2308519280319171,3285748.4311458985,261571.0,0.0,0,0.0,0.0
2015-02-15,250.17,13841164,3462644198.5943503,4191913870.4938903,-0.21061062877773717,3396590.4368379083,346945.0,0.0,0,0.0,0.0
2015-02-16,234.68,13845089,3249165674.8065405,4190744040.542111,-0.2897908140038545,2422279.519826968,265787.0,0.0,0,0.0,0.0
2015-02-17,239.27,13848814,3313605917.7491517,4191391420.7506976,-0.2649034087909293,2438194.738264804,271253.0,0.0,0,0.0,0.0
2015-02-18,240.47,13852989,3331228457.7619257,4191019387.3872666,-0.2581002595670032,2055593.3755618131,249917.0,0.0,0,0.0,0.0
2015-02-19,238.86,13857139,3309916413.180204,4183263529.985337,-0.2638577558416381,9957072.950299628,214090.0,0.0,0,0.0,0.0
2015-02-20,243.82,13861089,3379610915.5996704,4190352001.922593,-0.23989184156693572,28500265.377995294,247986.0,0.0,0,0.0,0.0
2015-02-21,245.61,13864639,3405294181.845809,4190855135.027505,-0.23068813184178105,1292221.609215443,271659.0,0.0,0,0.0,0.0
2015-02-22,242.63,13868414,3364893483.484919,4189659225.9656286,-0.24510901950647318,1608384.7586387284,272262.0,0.0,0,0.0,0.0
2015-02-23,237.17,13871964,3290013892.1642966,4187681718.338999,-0.27284621147425675,4508495.388995796,250131.0,0.0,0,0.0,0.0
2015-02-24,239.93,13875189,3329074289.2686777,4186275678.394412,-0.25748941436631084,2748704.4702659724,236210.0,0.0,0,0.0,0.0
2015-02-25,239.26,13879164,3320728970.6011286,4181969657.5048437,-0.2593528994773129,7984752.334279388,230557.0,0.0,0,0.0,0.0
2015-02-26,237.7,13882914,3299968848.509522,4181353298.9734006,-0.26708871838652914,1949541.895911596,226935.0,0.0,0,0.0,0.0
2015-02-27,250.58,13886714,3479732995.1632986,4183657103.921326,-0.20229256375028093,3692301.430849213,241354.0,0.0,0,0.0,0.0
2015-02-28,253.52,13890264,3521459932.6820955,4183167277.219201,-0.18790710591249601,6687460.149668032,282025.0,0.0,0,0.0,0.0
2015-03-01,252.87,13893764,3513316305.5605927,4186796591.105587,-0.1916936099602146,18384253.34189909,274855.0,0.0,0,0.0,0.0
2015-03-02,262.8,13897714,3652319450.0475492,4189796544.9942245,-0.1471604831663008,3532367.573912274,281612.0,0.0,0,0.0,0.0
2015-03-03,275.84,13901664,3834635219.069695,4185934557.2038803,-0.09161219205080284,12836143.83362275,267337.0,0.0,0,0.0,0.0
2015-03-04,279.54,13905164,3887049768.838249,4186812789.151858,-0.07711839007484615,9210988.527158728,241125.0,0.0,0,0.0,0.0
2015-03-05,271.61,13908464,3777678124.9559164,4184781568.57452,-0.10776551896500033,11022891.13419112,257312.0,0.0,0,0.0,0.0
2015-03-06,273.54,13912164,3805533560.0243783,4186444055.5785923,-0.10009384743194168,8160079.437069767,236846.0,0.0,0,0.0,0.0
2015-03-07,274.22,13915664,3815953602.0899506,4182817061.76298,-0.0961393921226146,13193835.779340016,254634.0,0.0,0,0.0,0.0
2015-03-08,276.03,13919564,3842217472.382134,4178270076.911856,-0.08746319200963218,9236329.479839245,269034.0,0.0,0,0.0,0.0
2015-03-09,282.42,13923164,3932180203.4689074,4174991628.9899483,-0.0617498214621081,11653990.738802982,259186.0,0.0,0,0.0,0.0
2015-03-10,294.11,13926964,4096059618.0079327,4184696074.4018173,-0.02163944489582207,24700396.84402518,249396.0,0.0,0,0.0,0.0
2015-03-11,294.08,13930814,4096774017.063863,4188546823.252563,-0.022401237121317544,5337658.311494462,251573.0,0.0,0,0.0,0.0
2015-03-12,295.47,13934089,4117105513.8890767,4200717114.332549,-0.02030834530750019,11029737.166114926,246925.0,0.0,0,0.0,0.0
2015-03-13,291.69,13937739,4065499322.936338,4195438953.847988,-0.03196154287336107,7222831.274618386,241683.0,0.0,0,0.0,0.0
2015-03-14,284.15,13941014,3961339356.076906,4195948391.253368,-0.059224674810189865,1606503.6476299234,258541.0,0.0,0,0.0,0.0
2015-03-15,285.16,13944589,3976439228.0272417,4196913503.6003284,-0.05544515153635747,1928950.2237181305,255201.0,0.0,0,0.0,0.0
2015-03-16,291.9,13948064,4071440115.7948227,4196143866.5949607,-0.030628904577611218,5774924.660896129,261887.0,0.0,0,0.0,0.0
2015-03-17,290.69,13951264,4055493165.384026,4197006212.6935763,-0.03489416491129754,2718780.83250885,226199.0,0.0,0,0.0,0.0
2015-03-18,275.09,13955089,3838905653.717961,4191277913.8361835,-0.09178976820567392,6102268.170516338,250808.0,0.0,0,0.0,0.0
2015-03-19,258.12,13958514,3602971840.77273,4189521910.876507,-0.16279618493437337,4910433.814054604,266788.0,0.0,0,0.0,0.0
2015-03-20,262.61,13961914,3666538446.23511,4188709898.583263,-0.1424153762479516,2512300.9143988034,236907.0,0.0,0,0.0,0.0
2015-03-21,261.22,13965689,3648117490.159897,4188870866.476458,-0.14822805947866005,3971457.4604995535,244356.0,0.0,0,0.0,0.0
2015-03-22,263.2,13969239,3676703915.9684734,4189300036.862709,-0.1394172967444983,1763011.4890284648,273410.0,0.0,0,0.0,0.0
2015-03-23,268.48,13972864,3751434742.1246805,4188724295.942287,-0.11656594979710111,3229664.889330972,260608.0,0.0,0,0.0,0.0
2015-03-24,257.33,13977189,3596750251.828903,4185336689.561459,-0.1636439553825754,2866940.624448028,221810.0,0.0,0,0.0,0.0
2015-03-25,245.78,13981239,3436309118.6122017,4182938591.064875,-0.21727657398709505,4925090.850255825,224390.0,0.0,0,0.0,0.0
2015-03-26,250.04,13984939,3496794348.17005,4181185435.89296,-0.19571957043486612,2937670.194323933,230462.0,0.0,0,0.0,0.0
2015-03-27,248.78,13989214,3480236858.519137,4180053741.2828135,-0.2010831191131782,3920859.643580467,233011.0,0.0,0,0.0,0.0
2015-03-28,252.66,13992914,3535449853.952107,4180476016.2902036,-0.18244528673403565,1970328.086937824,235645.0,0.0,0,0.0,0.0
2015-03-29,246.4,13996739,3448796687.289635,4179901932.628866,-0.21198850255037713,1143111.0698812003,278336.0,0.0,0,0.0,0.0
2015-03-30,246.04,14000289,3444631302.9608026,4178691809.6064415,-0.2131027799737765,3008141.0987023665,259917.0,0.0,0,0.0,0.0
2015-03-31,246.73,14004039,3455216740.424398,4177750353.7970357,-0.209113832113435,2231116.253086359,268361.0,0.0,0,0.0,0.0
2015-04-01,244.94,14007339,3430957811.17826,4168714059.7916403,-0.2150292394181379,9908199.03214357,267881.0,0.0,0,0.0,0.0
2015-04-02,249.47,14011489,3495446360.9827323,4170577353.9522157,-0.1931458598551267,13720091.36781698,256789.0,0.0,0,0.0,0.0
2015-04-03,254.7,14015139,3569656107.648823,4169779976.5876665,-0.1681181186201489,3286779.172774002,236922.0,0.0,0,0.0,0.0
2015-04-04,254.68,14018964,3570349955.852777,4170726817.6478257,-0.16815630658582006,1856117.371078778,249280.0,0.0,0,0.0,0.0
2015-04-05,257.05,14022664,3604525987.434256,4171842122.21053,-0.1573899416328237,1721163.9471797668,268193.0,0.0,0,0.0,0.0
2015-04-06,258.61,14025814,3627215966.0258627,4171913764.451392,-0.15016966277371246,2356492.806069405,248586.0,0.0,0,0.0,0.0
2015-04-07,255.52,14029614,3584847174.286719,4171825548.9932556,-0.1637387442669236,2462502.008420502,262317.0,0.0,0,0.0,0.0
2015-04-08,250.49,14032739,3515060993.0810905,4170624787.3499966,-0.18650139942359248,3743258.533697424,255377.0,0.0,0,0.0,0.0
2015-04-09,244.86,14036064,3436870827.494075,4167545393.148332,-0.21259878602624527,4667244.587525813,247351.0,0.0,0,0.0,0.0
2015-04-10,239.07,14039864,3356510478.288689,4157597116.0051765,-0.23866650883357884,11394962.01770173,258117.0,0.0,0,0.0,0.0
2015-04-11,237.11,14043364,3329822228.2761583,4157400337.0277934,-0.24853522260858665,1337572.413495021,270813.0,0.0,0,0.0,0.0
2015-04-12,237.75,14046564,3339570781.7496376,4155760895.082438,-0.24439970483428097,3419864.5920429337,254316.0,0.0,0,0.0,0.0
2015-04-13,233.81,14050464,3285139175.4285293,4150663286.729332,-0.26346649718056453,4373299.750815254,275986.0,0.0,0,0.0,0.0
2015-04-14,221.73,14054189,3116235504.866602,4147467162.7316775,-0.330922247774473,3031452.63470723,258070.0,0.0,0,0.0,0.0
2015-04-15,222.56,14057239,3128579290.402521,4135667988.64296,-0.3218996882482296,15909608.110076124,226670.0,0.0,0,0.0,0.0
2015-04-16,228.45,14060689,3212164585.3381376,4135191363.766887,-0.28735351315492585,2180238.916109629,226046.0,0.0,0,0.0,0.0
2015-04-17,225.69,14063839,3174068004.983757,4133108998.0527954,-0.30214884859530483,2556554.995831973,231109.0,0.0,0,0.0,0.0
2015-04-18,224.25,14067489,3154634588.168428,4133121443.6337,-0.3101743888611133,1070555.7912842229,251121.0,0.0,0,0.0,0.0
2015-04-19,225.53,14071114,3173458521.365387,4133217545.238645,-0.3024331395578852,1006077.7922619982,270083.0,0.0,0,0.0,0.0
2015-04-20,225.13,14074964,3168696825.9444623,4131794632.1141973,-0.3039412916641761,2767756.93990897,249951.0,0.0,0,0.0,0.0
2015-04-21,227.8,14078789,3207148316.966635,4131276369.975186,-0.28814634113417104,4545424.598324725,246101.0,0.0,0,0.0,0.0
2015-04-22,236.45,14082589,3329828358.7566323,4131041402.6372356,-0.24061692002039967,2570487.384793041,263018.0,0.0,0,0.0,0.0
2015-04-23,236.36,14085839,3329329095.674424,4132256968.855447,-0.24116807023499523,53653231.32704464,263022.0,0.0,0,0.0,0.0
2015-04-24,233.4,14088939,3288358549.8595815,4131196415.3471103,-0.25630960027869204,2276232.2900253288,258964.0,0.0,0,0.0,0.0
2015-04-25,230.39,14093014,3246889680.304622,4130820309.0701904,-0.2722391937513067,3507309.841102549,264409.0,0.0,0,0.0,0.0
2015-04-26,220.06,14096614,3102101053.3967414,4129436998.506453,-0.3311742355990623,1962076.6585571428,275343.0,0.0,0,0.0,0.0
2015-04-27,222.15,14100039,3132323842.0835733,4128187038.7334814,-0.31793111020968867,5207672.962526986,255521.0,0.0,0,0.0,0.0
2015-04-28,227.39,14103864,3207077817.397687,4127704526.6466155,-0.2870609201481587,3269913.9660002138,254152.0,0.0,0,0.0,0.0
2015-04-29,227.3,14107039,3206530147.0654793,4127258021.560847,-0.2871414994610265,2721761.9786876347,261016.0,0.0,0,0.0,0.0
2015-04-30,232.83,14110389,3285322057.6722636,4128591410.4019914,-0.2566778349052349,2107462.9859435493,246152.0,0.0,0,0.0,0.0
2015-05-01,236.33,14114089,3335582842.980355,4128298491.1313214,-0.23765431274453747,2359662.5141189545,222372.0,0.0,0,0.0,0.0
2015-05-02,236.22,14117764,3334898401.6021004,4128830906.445658,-0.23806797366365015,1137174.7959854065,266512.0,0.0,0,0.0,0.0
2015-05-03,240.85,14121289,3401112648.886804,4130250320.3078017,-0.21438209982831558,3866491.4707907233,247792.0,0.0,0,0.0,0.0
2015-05-04,241.04,14124489,3404567021.9492435,4130430837.326607,-0.21320297432763688,2804696.4466335927,257420.0,0.0,0,0.0,0.0
2015-05-05,237.02,14128339,3348699099.94395,4129686173.4800677,-0.23322103605820826,3269110.810065009,263347.0,0.0,0,0.0,0.0
2015-05-06,236.09,14132364,3336510006.1778,4129118412.167541,-0.23755613036441267,2575031.622052965,272014.0,0.0,0,0.0,0.0
2015-05-07,233.14,14135889,3295641348.51098,4129086590.161393,-0.2528931863374563,2175946.469323027,261689.0,0.0,0,0.0,0.0
2015-05-08,240.89,14139639,3406097831.9788966,4130441405.9362335,-0.21266082469994796,2837404.1857182565,296401.0,0.0,0,0.0,0.0
2015-05-09,243.58,14142864,3444919008.547116,4131055811.9342413,-0.19917356596331176,2301322.8878686405,234043.0,0.0,0,0.0,0.0
2015-05-10,242.6,14146089,3431841386.04085,4131277950.6461844,-0.20380795203715418,1628062.870224461,270435.0,0.0,0,0.0,0.0
2015-05-11,242.49,14150039,3431243151.6625957,4128494622.965612,-0.20320666314923372,6714396.373196986,266288.0,0.0,0,0.0,0.0
2015-05-12,243.21,14153789,3442343217.8202605,4127921376.699297,-0.19916031479079357,3687943.93415925,274528.0,0.0,0,0.0,0.0
2015-05-13,243.55,14157839,3448141883.8530464,4127410355.5716343,-0.19699551079944397,2495952.6397540425,248437.0,0.0,0,0.0,0.0
2015-05-14,243.75,14161689,3451911889.3135085,4126807856.9582214,-0.19551367163630917,3492105.325941175,238107.0,0.0,0,0.0,0.0
2015-05-15,238.82,14165364,3382972422.0881114,4126906613.196367,-0.21990548496669926,2696062.556947953,246654.0,0.0,0,0.0,0.0
2015-05-16,239.12,14168664,3388011127.528805,4126842599.848457,-0.2180723275423689,1738157.5002151022,262533.0,0.0,0,0.0,0.0
2015-05-17,238.75,14172939,3383789377.8019495,4127502535.422686,-0.21978707141158996,1371142.2788290228,259253.0,0.0,0,0.0,0.0
2015-05-18,237.24,14176539,3363242302.7004585,4126592559.534979,-0.22696855835263524,2766305.752963664,245891.0,0.0,0,0.0,0.0
2015-05-19,234.32,14179789,3322608346.477708,4125960610.92387,-0.2417836171686605,4543582.8543330375,255808.0,0.0,0,0.0,0.0
2015-05-20,234.9,14183414,3331684137.063049,4126266197.075051,-0.23849261434261987,2657090.31034514,257347.0,0.0,0,0.0,0.0
2015-05-21,236.41,14187289,3354017182.16454,4126604239.71369,-0.23034677987265265,1854159.8487776688,238140.0,0.0,0,0.0,0.0
2015-05-22,238.04,14190739,3377963702.542308,4126872063.835483,-0.2217040877998586,8509655.096884293,247257.0,0.0,0,0.0,0.0
2015-05-23,240.65,14193539,3415675353.426342,4126286526.5389094,-0.2080441200009647,2311145.5685967747,221693.0,0.0,0,0.0,0.0
2015-05-24,240.88,14197189,3419819079.5808735,4127059969.96916,-0.20680652219618725,1473983.6320603332,288097.0,0.0,0,0.0,0.0
2015-05-25,239.51,14200714,3401213202.3017063,4125731696.5143313,-0.21301766490919208,3385598.371235037,260373.0,0.0,0,0.0,0.0
2015-05-26,238.12,14204314,3382331440.726493,4125420325.1325974,-0.21969724062479698,2953366.143482248,271127.0,0.0,0,0.0,0.0
2015-05-27,239.03,14207764,3396082020.6965966,4124565843.3827314,-0.2145071344704183,4167967.781828481,260807.0,0.0,0,0.0,0.0
2015-05-28,238.61,14211064,3390902172.479626,4123070166.519201,-0.2159212966926057,4868997.467479617,256520.0,0.0,0,0.0,0.0
2015-05-29,238.35,14214914,3388124943.131025,4123448331.6202717,-0.21702959626091056,3867508.618913332,293376.0,0.0,0,0.0,0.0
2015-05-30,235.75,14218314,3351967714.645014,4111716583.6024427,-0.22665757359118516,13887256.182313802,308685.0,0.0,0,0.0,0.0
2015-05-31,233.76,14222014,3324538180.188413,4110211135.137043,-0.23632544202097358,3517775.0719506717,295146.0,0.0,0,0.0,0.0
2015-06-01,228.08,14225314,3244509800.1112823,4106112656.7938757,-0.26555717497078957,6477737.0501819765,310430.0,0.0,0,0.0,0.0
2015-06-02,225.61,14229064,3210219310.049572,4104064611.672239,-0.2784374571620355,4400298.75172828,306507.0,0.0,0,0.0,0.0
2015-06-03,227.59,14232614,3239200802.8581495,4102840310.7143874,-0.2666211699793958,3569796.472022543,292371.0,0.0,0,0.0,0.0
2015-06-04,226.9,14236139,3230180121.144554,4101692372.4863815,-0.2698029888912273,3296055.550049651,277364.0,0.0,0,0.0,0.0
2015-06-05,226.14,14239589,3220140837.8947973,4101617816.259859,-0.27373864148790994,2194550.884563044,264846.0,0.0,0,0.0,0.0
2015-06-06,226.96,14244039,3232827273.532693,4102130734.778206,-0.26889882684501604,1188354.2893131487,267905.0,0.0,0,0.0,0.0
2015-06-07,226.17,14247764,3222416965.338866,4099844562.649725,-0.27228865995576995,3580131.0908078426,259916.0,0.0,0,0.0,0.0
2015-06-08,227.17,14251689,3237556372.391178,4100540001.8698497,-0.26655400870789886,2634398.7515750835,248401.0,0.0,0,0.0,0.0
2015-06-09,231.13,14255464,3294865579.758333,4101056412.611062,-0.24468094777689234,2377387.3608166697,283440.0,0.0,0,0.0,0.0
2015-06-10,231.78,14259689,3305110902.379836,4100051150.9711394,-0.2405184794310257,4938280.080846065,361160.0,0.0,0,0.0,0.0
2015-06-11,231.56,14263064,3302755285.6233273,4099115978.713812,-0.24112010252681737,4028524.5316042206,283778.0,0.0,0,0.0,0.0
2015-06-12,232.2,14266614,3312707957.096807,4099780415.804981,-0.23759186408872252,8283272.026300289,300700.0,0.0,0,0.0,0.0
2015-06-13,232.22,14270589,3313916363.8928533,4099043578.270848,-0.23691823454944005,3429198.844015709,282551.0,0.0,0,0.0,0.0
2015-06-14,234.76,14274289,3351032273.990725,4098947810.292462,-0.22318959507096855,3217087.7480958453,289557.0,0.0,0,0.0,0.0
2015-06-15,236.47,14277889,3376292601.5526786,4099747121.637898,-0.2142748290691747,3538822.944183069,321261.0,0.0,0,0.0,0.0
2015-06-16,242.65,14280839,3465245778.030966,4103832825.595186,-0.18428333470968994,7278241.150725992,280586.0,0.0,0,0.0,0.0
2015-06-17,251.68,14284789,3595195897.4458413,4104354424.363818,-0.14162191475566094,8040968.430667615,323550.0,0.0,0,0.0,0.0
2015-06-18,249.62,14288689,3566742748.453079,4105608273.850769,-0.15108056941628312,2780090.0659161564,282744.0,0.0,0,0.0,0.0
2015-06-19,249.28,14292364,3562800697.920293,4105128970.7077603,-0.15221964930680512,9300397.303706083,294567.0,0.0,0,0.0,0.0
2015-06-20,244.54,14295714,3495874097.7573347,4106263272.6893067,-0.17460273392670161,11015198.951731725,263279.0,0.0,0,0.0,0.0
2015-06-21,246.1,14298814,3518938322.8489413,4107349451.142383,-0.16721268584698087,5581594.578660556,280154.0,0.0,0,0.0,0.0
2015-06-22,246.9,14302639,3531321767.190791,4108404742.8404956,-0.16341840639143482,2940225.992727972,265972.0,0.0,0,0.0,0.0
2015-06-23,247.05,14306139,3534331838.1611376,4108446591.460197,-0.16243940285973915,4282151.674448131,301924.0,0.0,0,0.0,0.0
2015-06-24,245.2,14310039,3508821759.5268607,4107366198.5604477,-0.17058274259969716,4054231.050893333,268292.0,0.0,0,0.0,0.0
2015-06-25,244.36,14313839,3497729894.092919,4107061536.1339016,-0.17420774630712393,3227829.3477642466,232327.0,0.0,0,0.0,0.0
2015-06-26,244.53,14317689,3501104687.359312,4107255894.747231,-0.17313141465789902,3153955.0599501,291464.0,0.0,0,0.0,0.0
2015-06-27,248.04,14320914,3552159707.5654263,4109079633.6953163,-0.15678347033320494,3089109.4747796166,294816.0,0.0,0,0.0,0.0
2015-06-28,250.51,14324439,3588415414.877136,4110034014.5034933,-0.14536182111574636,1825506.9195742125,272208.0,0.0,0,0.0,0.0
2015-06-29,254.25,14327939,3642878694.737783,4112139937.649846,-0.1288160496779432,4496350.241190515,290479.0,0.0,0,0.0,0.0
2015-06-30,263.29,14331564,3773357696.800682,4116036623.4707446,-0.09081538359340006,5450581.1225094665,314220.0,0.0,0,0.0,0.0
2015-07-01,260.75,14334939,3737835553.45281,4116710040.2522407,-0.10136199984759821,3485411.213599153,309213.0,0.0,0,0.0,0.0
2015-07-02,258.75,14338789,3710161861.348186,4116415775.4784737,-0.10949762552479704,4391926.60779152,316505.0,0.0,0,0.0,0.0
2015-07-03,257.02,14342814,3686390260.490186,4111419700.4539447,-0.11529691918924545,7603916.926942922,301521.0,0.0,0,0.0,0.0
2015-07-04,259.27,14346614,3719646819.7953877,4112883098.481773,-0.10571871409770471,1383936.8328233052,276011.0,0.0,0,0.0,0.0
2015-07-05,264.7,14350164,3798488623.1719413,4114232278.122814,-0.08312349628342708,5420903.947586934,308093.0,0.0,0,0.0,0.0
2015-07-06,272.44,14354689,3910791689.741835,4116350912.2114596,-0.052562048500004406,9577521.358483538,342304.0,0.0,0,0.0,0.0
2015-07-07,269.16,14358039,3864609993.190253,4118791785.5984697,-0.0657716542823481,8749827.641927063,325265.0,0.0,0,0.0,0.0
2015-07-08,270.09,14362064,3879050082.456402,4120799185.5108566,-0.06232172772086706,12967608.358038444,323720.0,0.0,0,0.0,0.0
2015-07-09,271.21,14365389,3896037368.2849913,4118162049.0485463,-0.057012974919522605,7494150.852732389,327838.0,0.0,0,0.0,0.0
2015-07-10,281.69,14369239,4047671159.9132195,4122922864.801953,-0.01859135831833403,7473640.2878983775,322540.0,0.0,0,0.0,0.0
2015-07-11,292.13,14372939,4198766904.449355,4125944607.9283605,0.017343734048162147,5860418.371171538,319652.0,0.0,0,0.0,0.0
2015-07-12,305.0,14376314,4384776014.705109,4133335473.880548,0.05734398746510907,9179412.049892295,319924.0,0.0,0,0.0,0.0
2015-07-13,294.45,14380014,4234195358.540718,4133598489.3498583,0.023758202131119833,3390455.5879127127,295292.0,0.0,0,0.0,0.0
2015-07-14,291.83,14383614,4197570307.7586613,4134566549.0990405,0.015009577932063825,3152139.713913505,285663.0,0.0,0,0.0,0.0
2015-07-15,291.85,14387439,4198974306.304708,4135538719.363858,0.015107400596760507,3499504.6648279536,275378.0,0.0,0,0.0,0.0
2015-07-16,283.33,14390789,4077342474.6890106,4135137547.1448884,-0.014174691680832123,3933108.283691064,275546.0,0.0,0,0.0,0.0
2015-07-17,278.23,14394464,4004971941.947221,4136516191.900617,-0.032845236336272406,8214509.336894499,253536.0,0.0,0,0.0,0.0
2015-07-18,278.17,14398189,4005144457.309082,4136243565.8296256,-0.03273267916249506,2652028.9860109426,256550.0,0.0,0,0.0,0.0
2015-07-19,275.84,14401989,3972644867.069695,4136851574.427815,-0.041334353523334755,1903856.6164534488,290272.0,0.0,0,0.0,0.0
2015-07-20,277.78,14405889,4001668069.28618,4134804943.421443,-0.03327034422398058,7110112.649733423,284494.0,0.0,0,0.0,0.0
2015-07-21,280.32,14409064,4039149045.3840523,4134572254.4940367,-0.023624582316177273,3914625.126456948,306641.0,0.0,0,0.0,0.0
2015-07-22,277.7,14412914,4002466440.601995,4135519681.194614,-0.03324281229266395,2384458.007224797,295410.0,0.0,0,0.0,0.0
2015-07-23,278.73,14416414,4018287297.8483768,4136923786.2181187,-0.029524142893731554,2589239.1109595103,256817.0,0.0,0,0.0,0.0
2015-07-24,282.91,14420639,4079743206.47204,4140180240.794623,-0.014813930991221792,2722878.241887239,272446.0,0.0,0,0.0,0.0
2015-07-25,289.3,14424489,4173004899.8088126,4142682367.3552628,0.00726635438528699,5012040.419981296,243110.0,0.0,0,0.0,0.0
2015-07-26,291.46,14428089,4205211053.7818055,4144862229.6178994,0.014350962030700826,2848076.592967278,299176.0,0.0,0,0.0,0.0
2015-07-27,291.95,14431814,4213368331.534939,4146846590.6316543,0.015788256726904894,3915742.091515841,284087.0,0.0,0,0.0,0.0
2015-07-28,295.65,14435214,4267771256.303492,4148655056.836023,0.027910633516624105,3790808.621786952,298664.0,0.0,0,0.0,0.0
2015-07-29,292.61,14439014,4225000121.304465,4148539836.9993505,0.018097108191681477,3566555.794746714,321636.0,0.0,0,0.0,0.0
2015-07-30,289.7,14442364,4183953083.2297373,4148327820.4722285,0.008514737629421119,3652235.4200434983,275824.0,0.0,0,0.0,0.0
2015-07-31,286.98,14446139,4145753200.467449,4149838672.5415063,-0.0009854595477599704,4459941.238927464,303744.0,0.0,0,0.0,0.0
2015-08-01,283.29,14450014,4093544693.3469186,4150481588.0074744,-0.013908946628356884,1710826.0804055957,298966.0,0.0,0,0.0,0.0
2015-08-02,281.86,14453789,4073945193.6796126,4151564982.0492992,-0.01905273259201112,2165320.4387679687,296893.0,0.0,0,0.0,0.0
2015-08-03,284.13,14457714,4107870506.7808604,4152334128.6313133,-0.010824007664568982,2827429.9049781663,297285.0,0.0,0,0.0,0.0
2015-08-04,285.44,14461114,4127780609.171889,4151712589.8319516,-0.005797784069939705,4832312.298890383,292476.0,0.0,0,0.0,0.0
2015-08-05,285.07,14464439,4123377854.4450336,4152094294.41874,-0.006964299898625516,3218118.7743709707,316599.0,0.0,0,0.0,0.0
2015-08-06,282.03,14468014,4080414214.696005,4152444883.4554763,-0.017652783509097197,2806784.31027554,296112.0,0.0,0,0.0,0.0
2015-08-07,280.86,14471439,4064448582.8773007,4152907662.1541457,-0.02176410341356148,2426428.829913946,273159.0,0.0,0,0.0,0.0
2015-08-08,276.18,14475464,3997833869.1024814,4152423074.124943,-0.038668241373713434,7963557.628992259,272971.0,0.0,0,0.0,0.0
2015-08-09,264.37,14479014,3827817143.2871785,4133828667.91262,-0.07994413347620125,45854109.56364276,267959.0,0.0,0,0.0,0.0
2015-08-10,266.12,14483189,3854266470.191224,4133223445.4388533,-0.07237615183202138,2480700.79861788,293020.0,0.0,0,0.0,0.0
2015-08-11,267.42,14487239,3874177667.93423,4134559479.4741325,-0.0672095690641731,4029078.9345273497,269591.0,0.0,0,0.0,0.0
2015-08-12,269.62,14490389,3906898898.4993157,4134615333.287428,-0.05828572499676934,3316414.4375358643,278110.0,0.0,0,0.0,0.0
2015-08-13,266.61,14494064,3864262616.9443574,4134178034.9951506,-0.06984913935901882,4040804.373542054,276482.0,0.0,0,0.0,0.0
2015-08-14,266.22,14497614,3859555012.671456,4133831650.560875,-0.07106431622011623,6998977.4839369,272838.0,0.0,0,0.0,0.0
2015-08-15,267.45,14501039,3878303095.1282964,4132612470.365176,-0.06557233124876928,3522506.938174488,268405.0,0.0,0,0.0,0.0
2015-08-16,260.78,14504489,3782480850.6468763,4130379998.825815,-0.0919764466539048,4616291.89902409,278647.0,0.0,0,0.0,0.0
2015-08-17,259.28,14508164,3761676969.9434085,4129545849.080233,-0.09779385153913386,4936859.233869921,284058.0,0.0,0,0.0,0.0
2015-08-18,256.94,14511689,3728633577.8059993,4118328682.2600102,-0.10451418631575891,4228854.18527191,302557.0,0.0,0,0.0,0.0
2015-08-19,234.34,14515589,3401583314.273752,4114142247.7496486,-0.2094786067669872,8994336.595730474,288647.0,0.0,0,0.0,0.0
2015-08-20,233.26,14519339,3386781202.2872553,4110963705.78775,-0.2138261848776707,5612654.396481386,277559.0,0.0,0,0.0,0.0
2015-08-21,235.52,14523464,3420566430.2404804,4107875516.540899,-0.20093428977846153,4036944.7378406897,282808.0,0.0,0,0.0,0.0
2015-08-22,231.89,14527414,3368762218.508088,4106496535.044353,-0.21899269484890588,5090337.006518336,297720.0,0.0,0,0.0,0.0
2015-08-23,230.52,14530764,3349631902.228921,4107024822.3466663,-0.22611228404343742,10028639.80661475,287135.0,0.0,0,0.0,0.0
2015-08-24,222.4,14534639,3232503892.034149,4097028756.1163764,-0.26744743176107955,21810390.606558934,308366.0,0.0,0,0.0,0.0
2015-08-25,214.71,14538014,3121457158.204371,4077424166.364666,-0.3062566486448971,28262340.58413485,288603.0,0.0,0,0.0,0.0
2015-08-26,225.97,14542039,3286064734.128402,4069899666.5286345,-0.2385330161817817,16956939.26250115,285843.0,0.0,0,0.0,0.0
2015-08-27,227.09,14545464,3303129601.9569917,4069589199.371764,-0.23204042522602544,6861158.501425727,278338.0,0.0,0,0.0,0.0
2015-08-28,228.33,14549339,3322050757.061858,4070878747.5847263,-0.225411363426957,3800897.6934976,298358.0,0.0,0,0.0,0.0
2015-08-29,231.91,14553339,3375065033.5541344,4070092852.6935883,-0.20593020052344008,3643710.737380712,287856.0,0.0,0,0.0,0.0
2015-08-30,230.35,14557089,3353225635.9625278,4070317687.751674,-0.21385141640887775,4979745.190490464,285108.0,0.0,0,0.0,0.0
2015-08-31,229.97,14561014,3348596574.0876493,4070653564.873618,-0.21562973466957533,3717336.826622288,303950.0,0.0,0,0.0,0.0
2015-09-01,230.43,14564864,3356181796.396713,4069913862.9560423,-0.21266192055675037,4624044.820321512,308740.0,0.0,0,0.0,0.0
2015-09-02,228.99,14568864,3336124351.081384,4069279020.600529,-0.21976239263428457,5733699.979292375,291180.0,0.0,0,0.0,0.0
2015-09-03,230.77,14572514,3362899240.929499,4066909293.396337,-0.20934616294725822,7157980.01709172,303789.0,0.0,0,0.0,0.0
2015-09-04,231.38,14576414,3372690856.958909,4067243482.736191,-0.2059342688773873,2643715.142995341,266109.0,0.0,0,0.0,0.0
2015-09-05,233.56,14580089,3405325774.227949,4068308539.7779083,-0.19468996786372655,2441623.611920554,317186.0,0.0,0,0.0,0.0
2015-09-06,240.44,14583689,3506502376.0678544,4069366100.1773643,-0.16051998936350298,3824663.8094734456,294550.0,0.0,0,0.0,0.0
2015-09-07,241.37,14587489,3520982413.5840044,4070506782.983703,-0.1560713189817777,2056234.278574043,318282.0,0.0,0,0.0,0.0
2015-09-08,244.13,14590889,3562073927.438385,4072004073.1894517,-0.14315540781540592,3815038.164540612,335125.0,0.0,0,0.0,0.0
2015-09-09,242.79,14594614,3543426527.8532867,4072072653.5695677,-0.14919065530520553,7718893.289486031,307412.0,0.0,0,0.0,0.0
2015-09-10,240.5,14598889,3511032997.4559927,4069981063.215895,-0.15919761112040312,13747080.013882631,290566.0,0.0,0,0.0,0.0
2015-09-11,241.92,14602839,3532719004.9752755,4070712466.2224708,-0.1522887782723496,2394005.055582792,333537.0,0.0,0,0.0,0.0
2015-09-12,240.93,14606214,3519075332.320987,4070623762.514138,-0.15673106657520178,1258723.639325994,282830.0,0.0,0,0.0,0.0
2015-09-13,234.8,14609989,3430425605.5828156,4069950472.5018167,-0.1864272660156839,1656155.285251594,323188.0,0.0,0,0.0,0.0
2015-09-14,230.4,14613789,3367017170.4526434,4069207631.0365043,-0.20854971181791218,2196986.7478837785,307431.0,0.0,0,0.0,0.0
2015-09-15,232.22,14617789,3394543147.892851,4068887378.5510435,-0.19865537165930242,4191703.9420935023,327001.0,0.0,0,0.0,0.0
2015-09-16,230.86,14621339,3375482506.7617073,4068613507.569934,-0.20534279156231997,3364191.3356189616,299594.0,0.0,0,0.0,0.0
2015-09-17,233.35,14624939,3412729702.8694634,4069344015.997038,-0.19240149976585763,2713763.711992919,317169.0,0.0,0,0.0,0.0
2015-09-18,234.74,14628614,3433921038.694677,4069789563.3055468,-0.18517272745810723,2113485.0383574497,315123.0,0.0,0,0.0,0.0
2015-09-19,233.86,14631739,3421778670.1686425,4069753879.949511,-0.18936794931535797,2416270.4330997,270845.0,0.0,0,0.0,0.0
2015-09-20,233.12,14634939,3411697166.714932,4069657008.2946115,-0.19285411612696515,2433723.957770241,341240.0,0.0,0,0.0,0.0
2015-09-21,229.44,14638239,3358597740.242424,4069928060.3266306,-0.21179384228158943,11772796.129750814,351215.0,0.0,0,0.0,0.0
2015-09-22,230.51,14642164,3375165408.580898,4070279754.120664,-0.205949712500766,4121063.757171043,356587.0,0.0,0,0.0,0.0
2015-09-23,232.27,14646114,3401853085.132967,4067287314.060143,-0.19560933769753505,8321663.945957398,296839.0,0.0,0,0.0,0.0
2015-09-24,233.98,14649614,3427716871.4449196,4068341259.8965964,-0.1868953628546421,2329483.535200416,296349.0,0.0,0,0.0,0.0
2015-09-25,236.68,14653714,3468241219.411162,4068950728.5614967,-0.173202920773868,3134158.169150193,295741.0,0.0,0,0.0,0.0
2015-09-26,236.3,14657389,3463541210.2862835,4069432632.5000563,-0.17493408780999953,2479676.053665782,310840.0,0.0,0,0.0,0.0
2015-09-27,235.25,14661114,3449027257.243856,4069876718.3146663,-0.18000711933107072,1378693.3839163282,326483.0,0.0,0,0.0,0.0
2015-09-28,238.43,14664689,3496501989.5652075,4070078859.8244147,-0.16404305559412308,5619105.699911876,304080.0,0.0,0,0.0,0.0
2015-09-29,239.83,14669039,3518075815.788444,4070745334.2237096,-0.15709426043492059,2418228.4466580204,354682.0,0.0,0,0.0,0.0
2015-09-30,238.73,14672739,3502823173.005901,4071168505.204948,-0.16225350356790325,4559990.249025514,330801.0,0.0,0,0.0,0.0
2015-10-01,238.88,14676464,3505913911.976248,4070974095.201546,-0.16117343363596162,5094571.562212222,298721.0,0.0,0,0.0,0.0
2015-10-02,239.34,14679914,3513490808.785311,4071846999.780059,-0.15891778899737133,2221002.9541458734,312824.0,0.0,0,0.0,0.0
2015-10-03,240.15,14683539,3526252083.5251837,4073031920.9550023,-0.15505977011240912,3174981.8168116715,260197.0,0.0,0,0.0,0.0
2015-10-04,241.04,14687364,3540242411.949241,4073541342.071421,-0.1506390998317395,2633350.7436560383,306802.0,0.0,0,0.0,0.0
2015-10-05,240.38,14691189,3531468204.6797156,4074539319.439791,-0.15378054771678995,3801406.190053726,290837.0,0.0,0,0.0,0.0
2015-10-06,245.11,14694739,3601827672.9446507,4076263392.732308,-0.13172082699886234,3788504.6004355103,326169.0,0.0,0,0.0,0.0
2015-10-07,246.92,14698064,3629246160.9868345,4074173376.413578,-0.12259494002075698,13549467.676718757,310230.0,0.0,0,0.0,0.0
2015-10-08,245.93,14701564,3615555831.832546,4073282817.8604627,-0.12659934110211687,5013308.235401252,315798.0,0.0,0,0.0,0.0
2015-10-09,246.12,14704714,3619124407.144985,4074248323.47483,-0.12575525600372442,2335831.107252935,266420.0,0.0,0,0.0,0.0
2015-10-10,246.96,14708714,3632464207.5789275,4074924416.5845947,-0.1218071765394135,3069559.682987427,323864.0,0.0,0,0.0,0.0
2015-10-11,248.91,14712364,3662054722.943435,4075807516.1276555,-0.11298378218981389,2380801.558625443,294966.0,0.0,0,0.0,0.0
2015-10-12,248.47,14715914,3656463350.930418,4071793799.5753207,-0.11358802448798465,10066715.407620735,310831.0,0.0,0,0.0,0.0
2015-10-13,249.32,14719339,3669825799.512383,4073755694.3979588,-0.11006786614755576,5081688.899770612,307231.0,0.0,0,0.0,0.0
2015-10-14,253.51,14723139,3732463171.2840695,4072062506.6916113,-0.09098531447551036,10216157.838479206,311033.0,0.0,0,0.0,0.0
2015-10-15,256.21,14727289,3773278920.2503114,4073696884.691918,-0.07961721642927935,5251384.066442391,366270.0,0.0,0,0.0,0.0
2015-10-16,261.38,14730889,3850359976.5282636,4077076103.75135,-0.0588818003005289,4048614.117221426,336304.0,0.0,0,0.0,0.0
2015-10-17,270.02,14734289,3978552932.4202375,4080857552.4955935,-0.025714027640979995,4107618.100750504,370783.0,0.0,0,0.0,0.0
2015-10-18,267.92,14737914,3948582133.8353834,4081665340.5949,-0.033704049263437445,2519264.766655462,335438.0,0.0,0,0.0,0.0
2015-10-19,264.92,14742039,3905461184.4284477,4083014216.9242783,-0.04546275692196257,5139021.002552721,349881.0,0.0,0,0.0,0.0
2015-10-20,269.08,14745239,3967649126.0060644,4087399733.9198127,-0.03018175350457268,6153132.705065201,403162.0,0.0,0,0.0,0.0
2015-10-21,269.8,14748839,3979236978.6637297,4088675491.2260275,-0.027502386298955343,5432844.211954806,358001.0,0.0,0,0.0,0.0
2015-10-22,273.23,14752539,4030836450.185659,4091419837.188918,-0.015029978951507381,5878940.279113995,345101.0,0.0,0,0.0,0.0
2015-10-23,277.64,14756264,4096929359.713854,4094835015.333661,0.0005111985578240563,3579028.7074726284,371263.0,0.0,0,0.0,0.0
2015-10-24,281.72,14759889,4158156155.1072865,4098218908.7271895,0.014414380832350065,1920265.3408549563,378012.0,0.0,0,0.0,0.0
2015-10-25,290.17,14763764,4284001632.6868215,4102079560.1488113,0.042465453595990584,4682448.81854094,373325.0,0.0,0,0.0,0.0
2015-10-26,285.39,14767864,4214600935.9317703,4104943364.599082,0.02601849451458091,3982886.522599081,376435.0,0.0,0,0.0,0.0
2015-10-27,293.4,14771539,4333969777.998288,4111263098.2685266,0.05138630196738985,5697497.081609888,355912.0,0.0,0,0.0,0.0
2015-10-28,301.68,14775014,4457326465.56143,4119028739.8002634,0.07589700426364343,40935260.7444475,353838.0,0.0,0,0.0,0.0
2015-10-29,310.62,14778789,4590587688.394098,4129804957.8159695,0.10037554270950481,8836007.925202547,386837.0,0.0,0,0.0,0.0
2015-10-30,325.42,14783064,4810704947.968313,4146482558.3088613,0.13807173727001704,14909119.97824646,380417.0,0.0,0,0.0,0.0
2015-10-31,323.74,14786739,4787059143.600429,4150499929.2613697,0.1329750051636696,15125036.118625158,368270.0,0.0,0,0.0,0.0
2015-11-01,318.74,14790564,4714344625.08887,4160053033.4025636,0.11757553504605267,14011558.624667209,393798.0,0.0,0,0.0,0.0
2015-11-02,336.06,14794389,4971802636.9649105,4181185837.287956,0.15902014971366496,6166847.193970887,399360.0,0.0,0,0.0,0.0
2015-11-03,382.99,14798264,5667587436.637404,4213196883.494011,0.2566154592943144,25359893.427023318,449531.0,0.0,0,0.0,0.0
2015-11-04,447.05,14802139,6617296598.6235,4245388826.93839,0.35844060128399013,25272874.557263136,497717.0,0.0,0,0.0,0.0
2015-11-05,400.66,14805789,5932087742.194255,4261522856.203781,0.28161499940534235,13468124.63118156,445970.0,0.0,0,0.0,0.0
2015-11-06,372.65,14809414,5518728426.0815,4263264909.4573994,0.22749144724911313,5518791.172528924,431877.0,0.0,0,0.0,0.0
2015-11-07,384.5,14813214,5695681091.488895,4275617528.5153494,0.24932287116558527,26828350.86168731,366631.0,0.0,0,0.0,0.0
2015-11-08,383.67,14816689,5684719376.452976,4275343150.299942,0.24792362345816008,6240869.836346187,378068.0,0.0,0,0.0,0.0
2015-11-09,376.16,14820414,5574847232.037615,4284887587.4456563,0.23138923649401535,19486051.24659004,419120.0,0.0,0,0.0,0.0
2015-11-10,366.71,14824064,5436132803.655767,4269385880.6425066,0.21462811251201044,12969108.70379832,395405.0,0.0,0,0.0,0.0
2015-11-11,316.65,14828264,4695370049.652038,4256665239.1367474,0.09343348998611975,9102279.299385276,375671.0,0.0,0,0.0,0.0
2015-11-12,328.21,14832289,4868105836.016763,4262170718.2251325,0.12447040762931018,4479748.337820443,370971.0,0.0,0,0.0,0.0
2015-11-13,334.54,14836289,4963332390.465397,4266162983.3450103,0.14046397707710548,16257173.577075096,358654.0,0.0,0,0.0,0.0
2015-11-14,334.98,14839839,4971049536.978414,4267243086.940984,0.141581057441087,5390109.034833621,387249.0,0.0,0,0.0,0.0
2015-11-15,329.09,14843839,4884959240.542797,4265056736.348488,0.12690024085552618,3336492.3006444983,418646.0,0.0,0,0.0,0.0
2015-11-16,322.52,14848164,4788830112.041608,4266794294.5062523,0.10901113744308577,3888028.5986689017,402885.0,0.0,0,0.0,0.0
2015-11-17,335.43,14851889,4981769396.389454,4274764003.9852595,0.1419185305760234,9565026.653151764,378292.0,0.0,0,0.0,0.0
2015-11-18,335.34,14855714,4981715401.807245,4277119901.9978247,0.14143632122256733,3082219.818844935,408636.0,0.0,0,0.0,0.0
2015-11-19,332.58,14859114,4941844400.952866,4276255843.075133,0.13468424010869237,5511689.235347572,358077.0,0.0,0,0.0,0.0
2015-11-20,320.96,14863289,4770521494.950002,4276224831.8611975,0.10361480681138506,4065921.986019092,358944.0,0.0,0,0.0,0.0
2015-11-21,326.23,14867639,4850270132.708185,4277814807.4422317,0.11802545210947225,3211108.073151469,374913.0,0.0,0,0.0,0.0
2015-11-22,325.78,14871939,4844980548.797145,4280118413.264775,0.11658708014268652,6151600.259067229,376880.0,0.0,0,0.0,0.0
2015-11-23,324.43,14876014,4826225482.314024,4280696977.083639,0.11303419353892703,2731384.9192587715,342630.0,0.0,0,0.0,0.0
2015-11-24,323.65,14879914,4815884425.768221,4281103394.691357,0.11104523775849469,4019733.347520896,384812.0,0.0,0,0.0,0.0
2015-11-25,324.54,14883614,4830328347.942279,4283594053.894945,0.11318781140007649,2813594.6655203374,364776.0,0.0,0,0.0,0.0
2015-11-26,343.4,14888014,5112544283.113879,4293011486.396046,0.1602984250766593,4388332.157565827,387683.0,0.0,0,0.0,0.0
2015-11-27,355.99,14891339,5301168056.224985,4299034572.131801,0.1890401272822152,9336563.533007544,360741.0,0.0,0,0.0,0.0
2015-11-28,356.51,14895189,5310284116.422187,4301650745.052152,0.18993962455809307,2812521.002134419,414842.0,0.0,0,0.0,0.0
2015-11-29,362.35,14898914,5398621778.617688,4307424943.669217,0.20212507556472514,2070408.8608351813,322110.0,0.0,0,0.0,0.0
2015-11-30,376.91,14902964,5617076463.639349,4317579695.027278,0.23134753052126278,5350955.018692348,491474.0,0.0,0,0.0,0.0
2015-12-01,368.63,14907139,5495218945.326206,4318228396.6662445,0.21418446842068337,5454535.076090953,414207.0,0.0,0,0.0,0.0
2015-12-02,357.02,14911164,5323584057.721366,4320222674.158682,0.1884747892930142,8309191.217189879,428537.0,0.0,0,0.0,0.0
2015-12-03,364.62,14914714,5438203311.218936,4322359008.085128,0.20518620567786372,5180926.937201887,361836.0,0.0,0,0.0,0.0
2015-12-04,362.0,14918539,5400511408.436879,4325841612.677731,0.19899407935334784,5898536.677580351,435394.0,0.0,0,0.0,0.0
2015-12-05,376.06,14922914,5611911340.557384,4335793148.9229355,0.22739457453861023,6538258.85515666,456956.0,0.0,0,0.0,0.0
2015-12-06,394.53,14926889,5889105833.706082,4345323296.022684,0.2621420944496557,10847928.884648588,430509.0,0.0,0,0.0,0.0
2015-12-07,394.41,14930564,5888764063.679806,4353696313.1175995,0.2606774076805115,5444722.224895281,436334.0,0.0,0,0.0,0.0
2015-12-08,397.32,14934939,5933950282.254533,4366126081.354677,0.2642125609964126,3681984.2885000743,456221.0,0.0,0,0.0,0.0
2015-12-09,418.59,14939139,6253374529.849705,4385070966.486816,0.2987672582930662,18915781.71393132,489496.0,0.0,0,0.0,0.0
2015-12-10,416.7,14944539,6227389735.623336,4392482973.018068,0.29465102402517307,5513389.293279725,481149.0,0.0,0,0.0,0.0
2015-12-11,433.37,14948539,6478248694.127873,4413039834.042596,0.31879122855491177,9069426.808809545,458240.0,0.0,0,0.0,0.0
2015-12-12,432.72,14952589,6470284659.2563715,4418506362.416174,0.31710788703939463,5578127.570577115,532460.0,0.0,0,0.0,0.0
2015-12-13,436.76,14956139,6532243620.057711,4423146444.067502,0.3228748495408344,6216966.692505525,478309.0,0.0,0,0.0,0.0
2015-12-14,441.91,14961014,6611422051.289618,4438620257.638372,0.32864363775224736,23028740.91383763,529504.0,0.0,0,0.0,0.0
2015-12-15,457.22,14965589,6842566969.413012,4455932105.239924,0.34879232820688405,6966286.6645755125,495422.0,0.0,0,0.0,0.0
2015-12-16,457.34,14969664,6846226500.689288,4460852499.990223,0.34842171822081874,4552941.3050985485,483835.0,0.0,0,0.0,0.0
2015-12-17,456.03,14973539,6828383356.04826,4468534231.956937,0.34559411811597834,4205407.099598032,457925.0,0.0,0,0.0,0.0
2015-12-18,461.29,14977764,6909093125.658421,4476516994.4471035,0.35208327445716664,3736684.913869022,452694.0,0.0,0,0.0,0.0
2015-12-19,464.03,14981689,6951953518.966754,4487316214.525036,0.35452442219550817,14333711.488178551,505494.0,0.0,0,0.0,0.0
2015-12-20,454.71,14985814,6814199848.759208,4488751996.758996,0.3412649912848756,3081566.9137183367,474678.0,0.0,0,0.0,0.0
2015-12-21,438.24,14989539,6569015922.965133,4490550602.751005,0.3164043662838233,5964728.945462877,502798.0,0.0,0,0.0,0.0
2015-12-22,440.49,14993289,6604394225.020334,4494204689.729128,0.31951295809945524,5361658.766464367,486901.0,0.0,0,0.0,0.0
2015-12-23,442.08,14997214,6629968719.806009,4501013908.691516,0.3211108379372242,6137227.83708574,473394.0,0.0,0,0.0,0.0
2015-12-24,455.24,15000664,6828902644.604433,4510474398.6532545,0.3395023134182453,7049784.488445887,449027.0,0.0,0,0.0,0.0
2015-12-25,455.98,15004714,6841849855.558145,4519695374.770351,0.3394044782934449,12866206.683660503,377893.0,0.0,0,0.0,0.0
2015-12-26,430.63,15008989,6463321278.569539,4515437774.848711,0.301375008260758,3682608.188903053,420281.0,0.0,0,0.0,0.0
2015-12-27,419.61,15014114,6300072712.198064,4517395464.55301,0.28296137665101434,3117566.209897132,406940.0,0.0,0,0.0,0.0
2015-12-28,425.84,15017889,6395218193.416466,4517984615.658693,0.29353706487923803,3647812.843162684,412195.0,0.0,0,0.0,0.0
2015-12-29,426.94,15021864,6413434958.699009,4521744446.003674,0.29495746427263564,2870326.606068408,415822.0,0.0,0,0.0,0.0
2015-12-30,430.72,15025989,6471994327.651748,4523661167.587975,0.3010406161419941,2933187.9365656013,406413.0,0.0,0,0.0,0.0
2015-12-31,427.23,15029539,6421070289.741679,4528981411.0677595,0.2946687691141968,3766466.334906274,356182.0,0.0,0,0.0,0.0
2016-01-01,433.86,15032914,6522180416.131007,4532555748.95882,0.30505514110761794,1705210.721636742,317140.0,0.0,0,0.0,0.0
2016-01-02,434.7,15036539,6536383852.064948,4534855629.399995,0.3062133846427392,1862648.09748707,420430.0,0.0,0,0.0,0.0
2016-01-03,431.25,15040164,6486071070.996973,4538387771.245326,0.30028707339654065,3778251.9478762704,394843.0,0.0,0,0.0,0.0
2016-01-04,432.09,15044689,6500660016.680914,4542626855.469853,0.3012052862611921,3527574.129769356,419331.0,0.0,0,0.0,0.0
2016-01-05,433.34,15048614,6521166738.4338045,4546073396.264505,0.3028742280930635,4944183.420993928,436708.0,0.0,0,0.0,0.0
2016-01-06,432.23,15052139,6505986386.753239,4548896727.751565,0.300813672617957,3948347.409850426,380457.0,0.0,0,0.0,0.0
2016-01-07,449.62,15055814,6769395451.415441,4568692092.498889,0.32509599634283404,43659054.11952993,431308.0,0.0,0,0.0,0.0
2016-01-08,456.0,15060139,6867423749.85419,4574978757.651964,0.3338144078048044,13018699.02192633,414855.0,0.0,0,0.0,0.0
2016-01-09,451.75,15063914,6805123511.9443655,4577811626.125289,0.3272992594344092,2405461.4572264017,452714.0,0.0,0,0.0,0.0
2016-01-10,446.7,15068289,6731005054.69269,4587992356.697276,0.3183793030286552,11289372.908979,434918.0,0.0,0,0.0,0.0
2016-01-11,448.74,15072539,6763651510.889406,4595112794.916789,0.3206165652504854,6346352.635287658,449865.0,0.0,0,0.0,0.0
2016-01-12,448.6,15076789,6763447905.317083,4598966040.521565,0.32002639705318214,4201156.334037146,458913.0,0.0,0,0.0,0.0
2016-01-13,431.18,15080489,6502405592.960811,4598628708.922925,0.29278039593513244,11830520.906499203,427269.0,0.0,0,0.0,0.0
2016-01-14,432.41,15083814,6522392358.667655,4599446168.739947,0.29482221923866486,2515082.801875542,428984.0,0.0,0,0.0,0.0
2016-01-15,403.18,15086864,6082722150.99608,4583718486.148154,0.2464363203902805,16547675.43566419,418527.0,0.0,0,0.0,0.0
2016-01-16,372.47,15090414,5620726801.417085,4586558766.811884,0.18399186993832697,8026976.13138887,503116.0,0.0,0,0.0,0.0
2016-01-17,385.85,15094189,5824093135.222016,4586726093.224346,0.2124566028167579,3568901.0769845736,539865.0,0.0,0,0.0,0.0
2016-01-18,384.91,15098514,5811569332.557843,4585779301.403695,0.21092237931103572,4110390.085816677,476544.0,0.0,0,0.0,0.0
2016-01-19,385.61,15101839,5823420446.169461,4585061843.5366535,0.21265141579247934,7960985.159670647,420013.0,0.0,0,0.0,0.0
2016-01-20,394.3,15105639,5956153774.051551,4597406496.424241,0.22812494928300853,5876318.674318297,626659.0,0.0,0,0.0,0.0
2016-01-21,415.17,15109064,6272830433.975799,4597971119.211898,0.2670021663095321,7280422.628537398,518672.0,0.0,0,0.0,0.0
2016-01-22,395.35,15113464,5975108309.593979,4574341113.82377,0.23443377478548072,40859898.0129724,502349.0,0.0,0,0.0,0.0
2016-01-23,390.34,15117939,5901136622.434396,4575039788.741432,0.22471888358787206,25116353.345651157,473699.0,0.0,0,0.0,0.0
2016-01-24,398.22,15122214,6021968378.576613,4581070707.138767,0.23927353663361894,5729589.584108135,488296.0,0.0,0,0.0,0.0
2016-01-25,397.98,15126264,6019950866.024058,4584044558.034087,0.23852458931086443,15366676.001614122,518510.0,0.0,0,0.0,0.0
2016-01-26,396.03,15130264,5992038769.65955,4585990644.298614,0.23465270827024767,10332117.916969508,535543.0,0.0,0,0.0,0.0
2016-01-27,397.4,15134139,6014307157.438717,4588588560.23996,0.2370545035158997,6202964.763911482,530065.0,0.0,0,0.0,0.0
2016-01-28,386.56,15137789,5851664025.981658,4583601277.582177,0.2167012225529736,9826064.91898344,523389.0,0.0,0,0.0,0.0
2016-01-29,377.41,15142014,5714747806.540504,4579686602.768475,0.1986196490548467,5966896.997411129,532762.0,0.0,0,0.0,0.0
2016-01-30,380.7,15146689,5766344807.74011,4582493418.02445,0.20530360725681673,9184727.802763898,498022.0,0.0,0,0.0,0.0
2016-01-31,380.6,15151214,5766552353.759879,4581261179.060966,0.20554589674818194,4897052.555725015,480580.0,0.0,0,0.0,0.0
2016-02-01,375.03,15155239,5683669583.061002,4573641537.828918,0.19530129769335847,13415467.735120395,601242.0,0.0,0,0.0,0.0
2016-02-02,376.92,15159739,5714009126.287372,4573670071.710332,0.19956899426899677,4139851.185181416,689099.0,0.0,0,0.0,0.0
2016-02-03,375.56,15164214,5695072511.156227,4571590247.745032,0.19727268813704757,3765159.6405658103,543826.0,0.0,0,0.0,0.0
2016-02-04,380.51,15168414,5771733516.4276705,4579082129.148558,0.20663659953886554,7312624.40221923,466040.0,0.0,0,0.0,0.0
2016-02-05,389.02,15173114,5902645120.395345,4579632208.62102,0.2241389893495261,6113095.016911827,506917.0,0.0,0,0.0,0.0
2016-02-06,378.42,15178114,5743702203.49084,4578738202.615744,0.2028245824038489,5252591.247294579,486174.0,0.0,0,0.0,0.0
2016-02-07,378.74,15182514,5750225656.227579,4580387448.092111,0.2034421391564897,4585254.820165133,530583.0,0.0,0,0.0,0.0
2016-02-08,378.33,15186214,5745400646.158631,4579263797.17361,0.20296876071901085,3715066.4980092905,476131.0,0.0,0,0.0,0.0
2016-02-09,374.85,15190614,5694201958.646586,4578513675.012683,0.19593409080613,7105536.802223056,508703.0,0.0,0,0.0,0.0
2016-02-10,381.09,15194714,5790553864.013011,4581968611.011169,0.2087166929769753,6743279.590588552,500501.0,0.0,0,0.0,0.0
2016-02-11,379.78,15199514,5772471731.621983,4584348965.197536,0.20582565349187087,11634676.467950858,502599.0,0.0,0,0.0,0.0
2016-02-12,383.12,15203789,5824875949.061705,4587326061.2269125,0.21245944096614483,5307062.361291822,475956.0,0.0,0,0.0,0.0
2016-02-13,390.52,15207689,5938907021.598812,4590858386.293826,0.2269859808214472,4680925.5951883895,446315.0,0.0,0,0.0,0.0
2016-02-14,400.51,15211839,6092493959.223907,4598102810.98175,0.24528397701234997,4216986.047638141,495579.0,0.0,0,0.0,0.0
2016-02-15,404.46,15215639,6154117674.443039,4600422234.447575,0.2524643697418537,13170481.306866704,499551.0,0.0,0,0.0,0.0
2016-02-16,404.68,15219089,6158861261.199548,4608903479.734565,0.2516630454447193,10521161.780000778,481035.0,0.0,0,0.0,0.0
2016-02-17,415.28,15222964,6321792823.104053,4619772082.652923,0.26923070528834947,8763157.795636596,540958.0,0.0,0,0.0,0.0
2016-02-18,420.8,15227189,6407601468.812815,4625526155.595722,0.27811893762289047,3483206.509373056,497219.0,0.0,0,0.0,0.0
2016-02-19,420.92,15230814,6410954566.589092,4632883505.001974,0.2773488788789108,9962300.96218806,511150.0,0.0,0,0.0,0.0
2016-02-20,431.25,15234564,6569906070.996973,4642806537.496884,0.29332223515452094,5921011.500007656,501273.0,0.0,0,0.0,0.0
2016-02-21,439.32,15237764,6694254832.951629,4647042425.726622,0.3058163243424587,4652283.769021782,523757.0,0.0,0,0.0,0.0
2016-02-22,437.45,15240939,6667149116.521306,4651809193.207623,0.30227911331991025,6146561.08418435,539776.0,0.0,0,0.0,0.0
2016-02-23,429.85,15244339,6552779464.023737,4651223658.088147,0.2901907223302062,4965757.212115395,547210.0,0.0,0,0.0,0.0
2016-02-24,423.54,15247289,6457837122.871149,4655833110.44051,0.27904141559232604,9676655.94695276,469952.0,0.0,0,0.0,0.0
2016-02-25,424.66,15251164,6476559644.9497385,4658605592.473966,0.2806974925172454,9883118.846016224,527080.0,0.0,0,0.0,0.0
2016-02-26,425.47,15254664,6490402233.4396105,4663822933.306921,0.28142775045926355,5652146.038055001,475872.0,0.0,0,0.0,0.0
2016-02-27,434.18,15258339,6624865975.367746,4667230385.914688,0.29549814241251726,4020366.553421418,477064.0,0.0,0,0.0,0.0
2016-02-28,431.3,15261689,6582366811.737088,4672806844.243479,0.290102332809629,10598671.799727064,490258.0,0.0,0,0.0,0.0
2016-02-29,437.64,15265014,6680581078.083745,4683403103.391997,0.29895273350452584,13197529.99287396,564016.0,0.0,0,0.0,0.0
2016-03-01,436.43,15268539,6663648825.922948,4694135463.3495655,0.2955607976986385,39282085.45698205,566452.0,0.0,0,0.0,0.0
2016-03-02,434.22,15272464,6631609666.459839,4695563212.171376,0.2919421606009548,10093706.538963892,559817.0,0.0,0,0.0,0.0
2016-03-03,423.56,15275839,6470234706.667195,4698474002.4250555,0.27383252456304946,15137585.99461204,568825.0,0.0,0,0.0,0.0
2016-03-04,422.41,15279714,6454304329.644537,4696893419.788417,0.2722851015537576,9725029.528531952,528155.0,0.0,0,0.0,0.0
2016-03-05,405.29,15283464,6194235449.728958,4698238542.887474,0.24151437558075783,29502254.45675478,522343.0,0.0,0,0.0,0.0
2016-03-06,405.38,15287164,6197110867.561166,4700680396.717986,0.24147227681148306,9145892.528526587,418922.0,0.0,0,0.0,0.0
2016-03-07,411.5,15290489,6292036553.651315,4706342042.138292,0.2520160997146198,13749631.13685638,410786.0,0.0,0,0.0,0.0
2016-03-08,415.33,15294339,6352198150.094169,4707911762.448624,0.25885313222182293,10280298.544756914,467249.0,0.0,0,0.0,0.0
2016-03-09,415.38,15298539,6354707463.084284,4707493369.964161,0.25921163211510617,13116692.272738844,512081.0,0.0,0,0.0,0.0
2016-03-10,417.85,15302414,6394114025.145995,4711527017.187188,0.263146231259207,13283199.573530007,442444.0,0.0,0,0.0,0.0
2016-03-11,422.33,15306414,6464358163.460351,4715043910.567194,0.2706091167381658,7399699.654010424,426008.0,0.0,0,0.0,0.0
2016-03-12,416.76,15310014,6380601769.011475,4715919626.828048,0.2608973577176139,6469832.948919592,377340.0,0.0,0,0.0,0.0
2016-03-13,415.67,15313339,6365295955.626955,4718366811.633751,0.2587356747390999,8582184.628040738,427125.0,0.0,0,0.0,0.0
2016-03-14,416.43,15317139,6378516527.876712,4722244981.280129,0.25966406755520693,10901972.475429129,457318.0,0.0,0,0.0,0.0
2016-03-15,419.1,15321164,6421100168.648885,4724940807.03311,0.264154010538147,8852650.334207783,450228.0,0.0,0,0.0,0.0
2016-03-16,419.08,15324964,6422386249.352838,4728655111.7686615,0.26372302627467287,8063083.064428754,447629.0,0.0,0,0.0,0.0
2016-03-17,422.92,15328489,6482724907.193715,4732321523.858395,0.27001043672128405,7595231.028723332,478833.0,0.0,0,0.0,0.0
2016-03-18,417.12,15331889,6395237874.340307,4732970491.791446,0.2599226823475007,6915184.704680415,439049.0,0.0,0,0.0,0.0
2016-03-19,411.56,15335289,6311391871.0394535,4733660912.370825,0.24998146065184582,5093794.894211344,424401.0,0.0,0,0.0,0.0
2016-03-20,414.24,15338939,6354002423.709649,4735136410.716766,0.25477894168755166,3964296.4718427714,438363.0,0.0,0,0.0,0.0
2016-03-21,412.88,15342414,6334576223.578505,4738772829.957415,0.2519195187329508,13894190.456185618,438929.0,0.0,0,0.0,0.0
2016-03-22,419.45,15346114,6436927853.829693,4743707623.160237,0.2630478807777942,9341604.15447792,465984.0,0.0,0,0.0,0.0
2016-03-23,420.58,15349839,6455835624.056305,4746366519.661259,0.2647943974944268,3661800.694593906,433676.0,0.0,0,0.0,0.0
2016-03-24,420.29,15353514,6452928736.263636,4748518755.638536,0.26412967666089304,5657019.809757728,429318.0,0.0,0,0.0,0.0
2016-03-25,420.57,15357164,6458762800.908282,4753723914.037345,0.2639884664337203,9335138.894053727,401523.0,0.0,0,0.0,0.0
2016-03-26,420.76,15360989,6463290069.220721,4757311365.773226,0.26394896177902555,7050414.678310931,458307.0,0.0,0,0.0,0.0
2016-03-27,422.77,15364514,6495655922.973369,4762823504.754905,0.266767888996384,4076454.84592682,426673.0,0.0,0,0.0,0.0
2016-03-28,425.56,15368764,6540331548.2197275,4767394054.266789,0.2710776175308009,7531150.047654989,517885.0,0.0,0,0.0,0.0
2016-03-29,421.94,15372689,6486352734.144308,4768878332.224004,0.26478276349040963,5788461.650187765,671415.0,0.0,0,0.0,0.0
2016-03-30,416.7,15376364,6407331212.093148,4770662751.4722395,0.25543684358502855,7379305.494860213,482865.0,0.0,0,0.0,0.0
2016-03-31,419.06,15379464,6444918519.02077,4774077097.8502445,0.2592494251462453,9361814.721385462,422358.0,0.0,0,0.0,0.0
2016-04-01,418.92,15383289,6444367762.948792,4776985970.263848,0.25873473613212744,6854477.95873652,508187.0,0.0,0,0.0,0.0
2016-04-02,422.39,15386764,6499215583.804235,4779883466.080335,0.2645445585784848,4573261.784063408,479286.0,0.0,0,0.0,0.0
2016-04-03,422.49,15390314,6502254099.78422,4782494783.394117,0.2644866364799821,5908802.299057647,469544.0,0.0,0,0.0,0.0
2016-04-04,421.99,15394464,6496310200.8843,4785059151.479978,0.2634189249724222,4285779.5043837,489759.0,0.0,0,0.0,0.0
2016-04-05,424.42,15398339,6535363377.84791,4788993425.227654,0.2672184929363995,6189249.830317608,463682.0,0.0,0,0.0,0.0
2016-04-06,425.25,15402264,6549813106.131777,4794892871.218874,0.26793439850520145,9596646.453054722,480317.0,0.0,0,0.0,0.0
2016-04-07,423.69,15405739,6527257895.794027,4806863523.086869,0.263570767414557,22656713.770382717,448373.0,0.0,0,0.0,0.0
2016-04-08,424.49,15409339,6541110651.633899,4807907024.862348,0.2649708465547232,5106657.489247532,443851.0,0.0,0,0.0,0.0
2016-04-09,419.64,15413389,6468074895.604676,4809771824.569355,0.2563827874291014,2743473.336135978,426774.0,0.0,0,0.0,0.0
2016-04-10,422.28,15417714,6510592605.676253,4817368008.920723,0.26007226980832654,12893909.4323734,437929.0,0.0,0,0.0,0.0
2016-04-11,423.79,15421539,6535494351.774012,4820610480.758706,0.2623954331090215,6422555.995232551,479926.0,0.0,0,0.0,0.0
2016-04-12,426.37,15425239,6576859493.457597,4826157762.410068,0.26619114073959754,9536964.152882466,516327.0,0.0,0,0.0,0.0
2016-04-13,425.22,15429339,6560863869.687782,4828391950.360289,0.26406155557224487,4165295.05230374,497338.0,0.0,0,0.0,0.0
2016-04-14,425.84,15433439,6572176003.61388,4831169139.175779,0.264905696907807,3983939.7242247458,471491.0,0.0,0,0.0,0.0
2016-04-15,429.19,15436914,6625369462.187445,4835160533.066724,0.2702051469488408,4126731.727439269,437682.0,0.0,0,0.0,0.0
2016-04-16,432.87,15440364,6683670710.144375,4838364799.441238,0.276091685352236,5437068.827921751,409993.0,0.0,0,0.0,0.0
2016-04-17,431.66,15444314,6666692925.7387,4840125092.136369,0.27398409585513334,3317657.9988386384,479568.0,0.0,0,0.0,0.0
2016-04-18,430.12,15447664,6644349582.949658,4842513332.118126,0.27118324048681897,4338279.454135411,480042.0,0.0,0,0.0,0.0
2016-04-19,432.57,15451414,6683818499.204951,4847758836.999596,0.27470220240477167,4324892.17577455,481299.0,0.0,0,0.0,0.0
2016-04-20,438.88,15455539,6783127306.580829,4853497858.983198,0.2844748978432927,6209796.612767351,466761.0,0.0,0,0.0,0.0
2016-04-21,445.08,15459314,6880631830.328917,4860961566.898651,0.29352976779368223,4223023.435274641,478570.0,0.0,0,0.0,0.0
2016-04-22,446.96,15462889,6911293224.149305,4866084611.242097,0.29592270890213146,6729245.157344202,441368.0,0.0,0,0.0,0.0
2016-04-23,448.89,15466489,6942752605.459598,4870315733.980089,0.29850363238491295,4034059.841928758,435656.0,0.0,0,0.0,0.0
2016-04-24,455.35,15469789,7044168784.555187,4878478506.529305,0.3074444046222037,6592206.177753128,458533.0,0.0,0,0.0,0.0
2016-04-25,460.59,15472964,7126692856.347119,4889711430.299746,0.31388772760918005,13509841.880634109,495966.0,0.0,0,0.0,0.0
2016-04-26,466.38,15476739,7218041906.643531,4899199413.429711,0.3212564464442278,7037642.724276498,525876.0,0.0,0,0.0,0.0
2016-04-27,461.41,15479964,7142610557.101176,4896684216.068024,0.3144405428628969,5512314.132016553,472899.0,0.0,0,0.0,0.0
2016-04-28,446.85,15483339,6918730388.4031515,4901690606.14649,0.2915332248872608,7013964.577302185,461288.0,0.0,0,0.0,0.0
2016-04-29,452.92,15487289,7014503294.9724865,4906958096.244241,0.30045537226260755,5998100.984143669,517754.0,0.0,0,0.0,0.0
2016-04-30,454.91,15490939,7046983423.169023,4908600673.875155,0.3034465417164609,3403786.2947853417,441150.0,0.0,0,0.0,0.0
2016-05-01,453.59,15494814,7028293043.886646,4915298868.821242,0.30064116021788956,5659670.788886185,432050.0,0.0,0,0.0,0.0
2016-05-02,448.63,15498739,6953199635.242264,4916387611.605137,0.2929316186052754,3501885.6461490034,485098.0,0.0,0,0.0,0.0
2016-05-03,448.5,15502514,6952877886.568621,4919875421.696695,0.29239726312455794,2741552.272384518,467113.0,0.0,0,0.0,0.0
2016-05-04,449.2,15506689,6965605056.0501795,4922742336.554688,0.29327857423112197,6244972.570601113,500458.0,0.0,0,0.0,0.0
2016-05-05,449.25,15510564,6968121234.289945,4925714974.266573,0.2931071649518299,3323141.466060446,458982.0,0.0,0,0.0,0.0
2016-05-06,453.8,15514614,7040532194.108574,4934769900.210179,0.2990913521651771,6218965.666542861,455802.0,0.0,0,0.0,0.0
2016-05-07,460.07,15518364,7139534091.375125,4938186394.601805,0.30833212204037885,10066778.982788851,419837.0,0.0,0,0.0,0.0
2016-05-08,460.73,15522564,7151711278.140025,4941890127.890917,0.30899194113214057,3343746.3528447924,440913.0,0.0,0,0.0,0.0
2016-05-09,461.89,15526839,7171692033.052576,4946402559.828685,0.3102879296779722,5694816.080088987,486980.0,0.0,0,0.0,0.0
2016-05-10,458.41,15530789,7119469350.064922,4948299773.069218,0.30496227601231346,8857136.247443918,497302.0,0.0,0,0.0,0.0
2016-05-11,455.93,15534114,7082468958.62257,4952474935.323059,0.30074173790855013,7846364.278622865,472604.0,0.0,0,0.0,0.0
2016-05-12,454.42,15537589,7060591554.781662,4956189536.679942,0.29804896682864346,5324523.728178708,454886.0,0.0,0,0.0,0.0
2016-05-13,457.41,15541389,7108787106.269619,4959317602.63544,0.3023679667855642,4453523.550331427,460120.0,0.0,0,0.0,0.0
2016-05-14,459.1,15544989,7136704815.023682,4963988071.305855,0.3044425683887021,8847192.742430223,460455.0,0.0,0,0.0,0.0
2016-05-15,461.01,15548464,7167997755.28271,4967178556.55477,0.3070340245441578,2494933.53803291,425394.0,0.0,0,0.0,0.0
2016-05-16,459.7,15551989,7149249708.900863,4968091717.989013,0.3050890764378105,7983800.119618519,512800.0,0.0,0,0.0,0.0
2016-05-17,457.91,15555514,7123025779.917271,4985820553.849943,0.3000417648484419,50224250.24791319,480691.0,0.0,0,0.0,0.0
2016-05-18,457.95,15559339,7125399659.259082,4989337566.818044,0.2997813729178458,8731471.7074189,511977.0,0.0,0,0.0,0.0
2016-05-19,453.52,15562339,7057832343.965889,4988485228.392342,0.2931986783934788,11911198.4879485,461534.0,0.0,0,0.0,0.0
2016-05-20,444.64,15566064,6921295050.583597,4993595590.266027,0.2785171627895025,11620084.604100946,445311.0,0.0,0,0.0,0.0
2016-05-21,446.57,15569589,6952911714.888533,4996056048.18156,0.28144405494415875,4108751.3000205546,503972.0,0.0,0,0.0,0.0
2016-05-22,445.31,15574189,6935342457.74645,4997976102.095233,0.2793468912969497,4752054.127669061,446577.0,0.0,0,0.0,0.0
2016-05-23,444.65,15578689,6927064417.48155,5002397698.239248,0.2778473828516881,6217760.890214087,517762.0,0.0,0,0.0,0.0
2016-05-24,449.43,15582364,7003182209.953099,5005148700.793929,0.2853036590022625,4842342.796512812,516833.0,0.0,0,0.0,0.0
2016-05-25,452.31,15585814,7049619890.063573,5010764850.152047,0.2892148898389952,8165698.861213398,493328.0,0.0,0,0.0,0.0
2016-05-26,454.52,15589189,7085598545.761192,5015517790.974657,0.2921532657286824,6201722.727354457,461109.0,0.0,0,0.0,0.0
2016-05-27,472.88,15592664,7373459328.402958,5036529644.181762,0.31693803140938454,34572021.44309784,530630.0,0.0,0,0.0,0.0
2016-05-28,498.4,15595989,7773041313.9790945,5066425577.302416,0.34820549992563155,10309994.69209763,483044.0,0.0,0,0.0,0.0
2016-05-29,525.11,15599664,8191539980.661643,5083068980.003851,0.37947333566047203,13008031.670625942,428938.0,0.0,0,0.0,0.0
2016-05-30,534.73,15603264,8343533783.992459,5100279511.4315,0.3887147048871936,7613985.195723526,549640.0,0.0,0,0.0,0.0
2016-05-31,536.74,15606439,8376600495.731018,5113303755.558169,0.38957292302956653,9770160.421212006,478797.0,0.0,0,0.0,0.0
2016-06-01,535.17,15610014,8354011618.002392,5126587811.6735935,0.3863322142590626,9267914.766628694,509531.0,0.0,0,0.0,0.0
2016-06-02,538.65,15613464,8410192811.9900465,5143630005.866343,0.3884052219904765,18321614.374531645,479459.0,0.0,0,0.0,0.0
2016-06-03,559.84,15617014,8743029563.002522,5160489797.308828,0.4097595392853025,5110731.775196896,497278.0,0.0,0,0.0,0.0
2016-06-04,574.97,15619989,8981025532.60546,5171492671.776764,0.4241757076625884,3879423.162269997,448566.0,0.0,0,0.0,0.0
2016-06-05,577.28,15624239,9019561149.032608,5182443698.669689,0.4254217457990701,6359254.760783783,464449.0,0.0,0,0.0,0.0
2016-06-06,583.97,15628489,9126569185.763187,5200253061.163382,0.43020723830424534,11056498.483854668,512123.0,0.0,0,0.0,0.0
2016-06-07,584.69,15631989,9139868113.415806,5208997622.856906,0.4300795637071651,11480068.19575708,511601.0,0.0,0,0.0,0.0
2016-06-08,580.92,15635589,9083026823.887512,5221476290.7373705,0.4251391753016323,5606493.876067912,483111.0,0.0,0,0.0,0.0
2016-06-09,580.7,15639714,9081982381.632545,5230019422.335081,0.42413239724927204,6355060.066010422,526428.0,0.0,0,0.0,0.0
2016-06-10,579.65,15643314,9067647421.097477,5240669434.94507,0.4220475067489136,7100752.883149382,507296.0,0.0,0,0.0,0.0
2016-06-11,586.87,15647214,9182880946.919565,5255137571.308647,0.42772452330752425,6357987.929771075,468603.0,0.0,0,0.0,0.0
2016-06-12,640.61,15650864,10026100496.519157,5300686841.744653,0.47131121979228763,27263666.23914514,522908.0,0.0,0,0.0,0.0
2016-06-13,689.14,15654889,10788410753.53522,5368556593.561685,0.50237743851174,16714023.905861696,580046.0,0.0,0,0.0,0.0
2016-06-14,688.37,15658189,10778628109.392836,5387047424.584986,0.5002102892954862,16913656.395529598,528082.0,0.0,0,0.0,0.0
2016-06-15,686.89,15661989,10758064170.495787,5419321094.623945,0.4962549945103929,18707265.337070845,596061.0,0.0,0,0.0,0.0
2016-06-16,740.71,15665714,11603751606.029005,5503502784.71047,0.5257134958101831,21767657.559406944,583844.0,0.0,0,0.0,0.0
2016-06-17,750.61,15669439,11761638204.752506,5529067401.809969,0.5299066927959196,9491927.809005853,587643.0,0.0,0,0.0,0.0
2016-06-18,753.29,15673389,11806607798.903917,5550878704.99862,0.5298498265086824,7236474.167378617,562920.0,0.0,0,0.0,0.0
2016-06-19,758.31,15677814,11888643737.426338,5568106697.565481,0.531644919257134,5319668.501912784,515984.0,0.0,0,0.0,0.0
2016-06-20,752.92,15681914,11807227287.679655,5574729643.549294,0.5278544650896752,12591999.071686048,564349.0,0.0,0,0.0,0.0
2016-06-21,684.91,15685639,10743251552.201088,5579362723.661527,0.4806634940500466,13467711.663410133,593632.0,0.0,0,0.0,0.0
2016-06-22,654.12,15688864,10262400239.903704,5549941226.247443,0.4591965722923782,8065713.378392603,548244.0,0.0,0,0.0,0.0
2016-06-23,594.64,15692364,9331307801.87907,5560193419.922129,0.4041356755156595,5506899.190293609,550619.0,0.0,0,0.0,0.0
2016-06-24,657.79,15695589,10324402011.452465,5575958060.541546,0.4599243564560593,5795360.64830034,548710.0,0.0,0,0.0,0.0
2016-06-25,674.72,15699639,10592860962.686949,5589719603.121423,0.47231256760463003,16565601.02905744,531079.0,0.0,0,0.0,0.0
2016-06-26,644.29,15703289,10117472582.215872,5584574053.617852,0.44802676674071595,3609859.723034088,502812.0,0.0,0,0.0,0.0
2016-06-27,641.67,15706964,10078688100.202179,5596904948.186974,0.44467921890799467,6572133.823224846,485116.0,0.0,0,0.0,0.0
2016-06-28,648.54,15710664,10188994546.345911,5601662709.6858015,0.45022419197439545,3600552.374190178,542750.0,0.0,0,0.0,0.0
2016-06-29,638.03,15714314,10026204268.847275,5603004382.540801,0.4411639507535203,3599247.129575496,467721.0,0.0,0,0.0,0.0
2016-06-30,656.19,15718064,10314036938.029982,5625028782.259599,0.4546239444306276,17877036.352102026,508325.0,0.0,0,0.0,0.0
2016-07-01,679.3,15721939,10679913702.949436,5635566423.7156515,0.4723209774476646,4457371.228413401,496134.0,0.0,0,0.0,0.0
2016-07-02,690.88,15725664,10864547293.779047,5649628239.38656,0.479994141806397,5308075.475736728,447445.0,0.0,0,0.0,0.0
2016-07-03,678.42,15729514,10671217427.42957,5650976308.092453,0.4704468963806286,2995914.693065182,431308.0,0.0,0,0.0,0.0
2016-07-04,673.78,15733289,10600775998.279364,5660835151.988027,0.46599804081259244,3607653.909215837,506124.0,0.0,0,0.0,0.0
2016-07-05,675.33,15736914,10627610668.712084,5669794683.052175,0.4665033505843253,8780208.797189413,490045.0,0.0,0,0.0,0.0
2016-07-06,676.19,15740414,10643511080.436045,5679056562.182163,0.46643015455483483,5097145.634858655,466766.0,0.0,0,0.0,0.0
2016-07-07,645.3,15743839,10159499819.909128,5675331067.075305,0.44137692133685497,6763286.37497933,469272.0,0.0,0,0.0,0.0
2016-07-08,648.81,15747464,10217112633.840643,5686646062.310546,0.44341946045739944,9130073.49445322,464445.0,0.0,0,0.0,0.0
2016-07-09,653.28,15750589,10289545301.475649,5694302532.034132,0.4465933755870147,13255987.25522574,439730.0,0.0,0,0.0,0.0
2016-07-10,647.76,15752539,10203865177.805574,5700532939.628197,0.4413359212127356,11823812.586102769,401280.0,0.0,0,0.0,0.0
2016-07-11,650.87,15754327,10254019006.693968,5708367431.24973,0.4433043836252666,14106954.79601662,494106.0,0.0,0,0.0,0.0
2016-07-12,658.27,15756114,10371777686.30421,5717772928.123341,0.4487181367497318,3659134.975893885,478122.0,0.0,0,0.0,0.0
2016-07-13,664.31,15757727,10468015819.542841,5720648222.551218,0.45351169494114785,3650923.437134471,453961.0,0.0,0,0.0,0.0
2016-07-14,658.93,15759489,10384400610.81911,5725003043.073269,0.4486920085586253,3242173.760810722,476585.0,0.0,0,0.0,0.0
2016-07-15,664.47,15761177,10472829477.410091,5729609902.800205,0.45290717134667546,2914531.073214427,453988.0,0.0,0,0.0,0.0
2016-07-16,665.45,15763139,10489581376.784489,5733802449.765886,0.45338119379521463,2343832.784099682,468924.0,0.0,0,0.0,0.0
2016-07-17,671.99,15765002,10593923892.42077,5746304974.83547,0.45758483511982195,5937390.332873313,435751.0,0.0,0,0.0,0.0
2016-07-18,679.2,15766852,10708846078.969908,5750395866.777185,0.46302376331005024,3553515.0193717303,498407.0,0.0,0,0.0,0.0
2016-07-19,672.64,15768452,10606491751.912718,5760365416.456977,0.4569019095858738,9960097.73417238,470529.0,0.0,0,0.0,0.0
2016-07-20,670.32,15770327,10571165792.587616,5762324677.471818,0.45490168345365506,4827601.588159952,479158.0,0.0,0,0.0,0.0
2016-07-21,664.84,15771989,10485849695.509354,5765558354.888619,0.45015821108347903,2947877.0675056446,447503.0,0.0,0,0.0,0.0
2016-07-22,660.86,15773602,10424142812.874046,5765086952.384354,0.44694858312336777,5138226.740360728,469394.0,0.0,0,0.0,0.0
2016-07-23,654.21,15775239,10320319626.485281,5766969738.693302,0.4412024096721393,3568194.373192741,448622.0,0.0,0,0.0,0.0
2016-07-24,657.79,15776789,10377814559.452465,5778028725.149972,0.4432326100983229,6990484.600019289,434964.0,0.0,0,0.0,0.0
2016-07-25,657.32,15778427,10371475829.748674,5783144658.376319,0.442399061299605,5845539.124861036,499953.0,0.0,0,0.0,0.0
2016-07-26,653.05,15780039,10305154988.322727,5787404632.574835,0.43839712851162116,4585069.951003826,508847.0,0.0,0,0.0,0.0
2016-07-27,653.62,15781639,10315195403.006052,5793883727.566596,0.4383156594514784,5567243.285446264,478489.0,0.0,0,0.0,0.0
2016-07-28,656.24,15783339,10357658907.269747,5797467893.287555,0.44027236799442426,4681084.494103728,496263.0,0.0,0,0.0,0.0
2016-07-29,658.0,15785177,10386646660.309479,5801954097.29954,0.44140257322215815,5519259.4749766365,466728.0,0.0,0,0.0,0.0
2016-07-30,657.89,15786664,10385888902.181995,5806124530.780341,0.44096026970204555,5122579.874490021,451392.0,0.0,0,0.0,0.0
2016-07-31,637.11,15788589,10059068444.485598,5801162727.283216,0.42329026198609615,4382905.504452679,493131.0,0.0,0,0.0,0.0
2016-08-01,621.89,15790502,9819955472.426083,5794192617.760639,0.4099573430826212,4277345.567987881,517085.0,0.0,0,0.0,0.0
2016-08-02,593.7,15792427,9375964085.221487,5755448044.517722,0.38614866778451806,14016230.425339743,539439.0,0.0,0,0.0,0.0
2016-08-03,552.13,15794502,8720618552.305735,5759493199.50334,0.3395545092405713,7331245.717650996,518444.0,0.0,0,0.0,0.0
2016-08-04,576.47,15796414,9106159237.048412,5770896348.840532,0.36626450311107694,18247048.731295105,489611.0,0.0,0,0.0,0.0
2016-08-05,576.39,15798527,9106113147.739788,5772362380.340817,0.3661003013372873,4436150.605018194,478245.0,0.0,0,0.0,0.0
2016-08-06,578.53,15800602,9141122445.901737,5774222902.85792,0.3683245206449792,4035851.901422839,426155.0,0.0,0,0.0,0.0
2016-08-07,594.25,15802452,9390607276.483904,5776729692.1773815,0.38483960386208965,6890541.785766037,449172.0,0.0,0,0.0,0.0
2016-08-08,595.05,15804302,9404350080.820145,5777880024.10295,0.3856162335038184,4020029.4556650906,532467.0,0.0,0,0.0,0.0
2016-08-09,593.12,15805852,9374767113.390211,5777013310.668785,0.3837699389441542,3463239.8219483555,492713.0,0.0,0,0.0,0.0
2016-08-10,596.37,15807739,9427261781.724945,5774951311.638865,0.3874200753782188,5219903.602929342,533284.0,0.0,0,0.0,0.0
2016-08-11,595.39,15809614,9412886552.975548,5774969424.153571,0.3864826276560169,3027381.8754358343,533906.0,0.0,0,0.0,0.0
2016-08-12,591.38,15811477,9350591442.896383,5776133066.115092,0.3822708326644724,2886400.426274552,493299.0,0.0,0,0.0,0.0
2016-08-13,591.34,15813514,9351163839.054571,5777741093.854388,0.3821366844494798,2714144.3633712977,459850.0,0.0,0,0.0,0.0
2016-08-14,581.71,15815552,9200064925.700802,5777292974.193964,0.37203780398822706,4022688.26538774,457243.0,0.0,0,0.0,0.0
2016-08-15,573.51,15817377,9071424052.629314,5774413169.492036,0.3634501996609511,2513829.774989363,501800.0,0.0,0,0.0,0.0
2016-08-16,574.89,15819064,9094222160.171833,5779778545.318469,0.36445597616572173,8361664.726848104,539127.0,0.0,0,0.0,0.0
2016-08-17,578.01,15820602,9144466332.70818,5779356455.990532,0.3679941239087107,4354119.7827012045,525490.0,0.0,0,0.0,0.0
2016-08-18,577.54,15822527,9138142414.129387,5780577944.758493,0.36742308416855385,4420553.613873845,530304.0,0.0,0,0.0,0.0
2016-08-19,578.1,15824452,9148115871.914757,5782613721.337191,0.36789019703060954,7870169.902730453,510568.0,0.0,0,0.0,0.0
2016-08-20,580.43,15826389,9186111428.887812,5794237192.384414,0.36923939609929834,23415263.05227891,497305.0,0.0,0,0.0,0.0
2016-08-21,583.19,15828427,9230980514.34785,5796556633.168208,0.37205407116193845,3129528.8590527894,448496.0,0.0,0,0.0,0.0
2016-08-22,585.43,15830402,9267592415.739328,5799150823.779653,0.3742548696972426,3550348.666583286,528018.0,0.0,0,0.0,0.0
2016-08-23,586.79,15832239,9290199989.48594,5800019915.838422,0.3756840625172207,3934580.494158476,515828.0,0.0,0,0.0,0.0
2016-08-24,582.34,15834139,9220852968.396843,5799507060.358875,0.3710444055191144,4242625.875891072,518471.0,0.0,0,0.0,0.0
2016-08-25,577.03,15835764,9137711359.833782,5810246996.530742,0.3641463635992512,21681586.69910043,495276.0,0.0,0,0.0,0.0
2016-08-26,579.11,15837414,9171605282.108013,5812949899.458975,0.3662014750243461,5271275.950680439,488398.0,0.0,0,0.0,0.0
2016-08-27,574.66,15839214,9102163174.268913,5812568656.048944,0.3614079922802735,2015197.4231660196,458834.0,0.0,0,0.0,0.0
2016-08-28,572.52,15841114,9069355042.606964,5814263302.7636,0.3589110498542899,2748749.539877497,429225.0,0.0,0,0.0,0.0
2016-08-29,574.32,15842977,9098938720.238512,5812721608.607947,0.36116488006685055,5669859.217304694,502674.0,0.0,0,0.0,0.0
2016-08-30,576.9,15845027,9140996246.660393,5816740879.010452,0.36366444947009324,10780255.041881785,552241.0,0.0,0,0.0,0.0
2016-08-31,575.59,15846702,9121203374.153547,5821535258.380563,0.36175798087378963,12873252.53368364,501879.0,0.0,0,0.0,0.0
2016-09-01,574.01,15848452,9097170102.026966,5822343058.374494,0.35998305043485984,4805530.77136392,488486.0,0.0,0,0.0,0.0
2016-09-02,573.74,15850364,9093988297.657236,5824724628.424816,0.35949723732046557,3190272.1630541324,478892.0,0.0,0,0.0,0.0
2016-09-03,579.59,15851939,9187625785.959759,5830968056.149558,0.3653454992626865,3321635.986045417,466277.0,0.0,0,0.0,0.0
2016-09-04,603.1,15854177,9561654326.797337,5836988478.631761,0.38954198937383544,4858246.968705459,440928.0,0.0,0,0.0,0.0
2016-09-05,606.24,15855927,9612497363.504587,5840957721.001203,0.39235793778447725,3395512.497136114,543323.0,0.0,0,0.0,0.0
2016-09-06,609.13,15857627,9659356514.388014,5847599936.85927,0.3946180650699634,4910347.408531679,520832.0,0.0,0,0.0,0.0
2016-09-07,613.11,15859527,9723634780.023321,5852728616.157329,0.3980925087621101,3694168.1728538834,527811.0,0.0,0,0.0,0.0
2016-09-08,623.17,15861327,9884303330.614069,5861236546.4045515,0.4070157146785561,7263137.589892744,502324.0,0.0,0,0.0,0.0
2016-09-09,624.54,15863102,9907141907.508635,5865833226.879041,0.40791872351870534,5005003.505476407,494034.0,0.0,0,0.0,0.0
2016-09-10,625.21,15865039,9918981530.42149,5869455869.387714,0.40826022798952605,3814413.9027986857,447527.0,0.0,0,0.0,0.0
2016-09-11,622.25,15867089,9873296625.127392,5871310068.338804,0.4053343790566964,5837848.393013616,460209.0,0.0,0,0.0,0.0
2016-09-12,608.49,15869127,9656205267.91902,5873025221.623839,0.391787450797479,3767810.559255032,512355.0,0.0,0,0.0,0.0
2016-09-13,610.01,15871189,9681584487.03288,5880161754.480033,0.39264468927005886,14684122.22882744,532514.0,0.0,0,0.0,0.0
2016-09-14,611.66,15873139,9708964687.195131,5883498743.500378,0.3940137869427055,5292727.667051512,493955.0,0.0,0,0.0,0.0
2016-09-15,611.2,15875064,9702839602.889292,5885754836.812203,0.3933987288566993,4022302.817033122,496662.0,0.0,0,0.0,0.0
2016-09-16,609.89,15876802,9683102951.882444,5890824391.965541,0.3916387731042006,6370140.462533051,476784.0,0.0,0,0.0,0.0
2016-09-17,609.32,15878839,9675294664.074123,5893177548.451644,0.39090459225661306,3718793.583944298,511960.0,0.0,0,0.0,0.0
2016-09-18,610.13,15880652,9689262384.933317,5896345218.763266,0.3914557182462094,3490336.6438794374,467803.0,0.0,0,0.0,0.0
2016-09-19,611.18,15882314,9706953156.593384,5898324522.890331,0.3923608749585926,4760176.01841554,506924.0,0.0,0,0.0,0.0
2016-09-20,610.18,15884202,9692222556.548082,5907628217.001808,0.3904774490541796,12356897.642910384,535710.0,0.0,0,0.0,0.0
2016-09-21,598.94,15886277,9514926923.248877,5907535374.773727,0.37912971666243794,5840406.140555214,516800.0,0.0,0,0.0,0.0
2016-09-22,598.7,15888039,9512169425.448002,5908241678.276865,0.378875478976385,3060736.008558107,498854.0,0.0,0,0.0,0.0
2016-09-23,601.05,15889739,9550528103.966965,5910775749.357441,0.38110482634962295,3775061.203908769,490770.0,0.0,0,0.0,0.0
2016-09-24,605.22,15891814,9618044150.41338,5910954954.074622,0.38543066951708976,12160335.740764163,475437.0,0.0,0,0.0,0.0
2016-09-25,603.65,15894127,9594489941.809752,5916495451.139617,0.38334445217797336,10913154.723933537,467720.0,0.0,0,0.0,0.0
2016-09-26,606.08,15896039,9634271799.13734,5920948441.70236,0.38542854455979475,4545850.025164951,542751.0,0.0,0,0.0,0.0
2016-09-27,608.2,15898127,9669241021.003384,5924724849.151846,0.38726060956777836,6402649.048700508,551598.0,0.0,0,0.0,0.0
2016-09-28,607.34,15899977,9656692210.529423,5926870683.563187,0.38624214644630894,4050039.9228547895,549569.0,0.0,0,0.0,0.0
2016-09-29,607.18,15901764,9655233548.412172,5928833511.173368,0.3859461315517966,3738777.5683822064,555925.0,0.0,0,0.0,0.0
2016-09-30,607.31,15903539,9658378753.085562,5930851297.205814,0.3859371796419678,3256597.8277995544,562554.0,0.0,0,0.0,0.0
2016-10-01,614.38,15905502,9772022500.188356,5934299639.577702,0.39272554484362704,2705068.6321812267,502197.0,0.0,0,0.0,0.0
2016-10-02,613.23,15907264,9754811990.423758,5936156238.827821,0.39146379810750725,2333166.5778346704,464351.0,0.0,0,0.0,0.0
2016-10-03,613.08,15909152,9753583089.204462,5942755780.461372,0.39071049827432336,7885574.5667656865,631278.0,0.0,0,0.0,0.0
2016-10-04,611.57,15911127,9730768119.988554,5949117617.25177,0.3886281592681948,12715238.118115526,603046.0,0.0,0,0.0,0.0
2016-10-05,612.99,15913214,9754641537.372885,5952747874.577854,0.38975226800788776,4614815.161871692,587932.0,0.0,0,0.0,0.0
2016-10-06,614.17,15915227,9774655147.95634,5955985451.089237,0.39067052894091114,4451160.388232666,623619.0,0.0,0,0.0,0.0
2016-10-07,616.81,15917014,9817773895.890942,5959792931.515405,0.3929588321432242,3723130.450713826,580458.0,0.0,0,0.0,0.0
2016-10-08,620.41,15919127,9876385765.279034,5963667735.269155,0.3961690159739659,4189214.535296599,552764.0,0.0,0,0.0,0.0
2016-10-09,619.36,15921127,9860909401.618965,5965951406.577125,0.3949897353688663,2533643.34566303,513099.0,0.0,0,0.0,0.0
2016-10-10,618.93,15922677,9855022658.381985,5969119930.254315,0.3943068283889328,5024373.006781669,516746.0,0.0,0,0.0,0.0
2016-10-11,632.94,15924414,10079199100.539183,5982878947.534948,0.4064132588456461,8998277.139594331,605154.0,0.0,0,0.0,0.0
2016-10-12,639.38,15926214,10182903215.820934,5994401062.118908,0.4113269138406864,11997086.013931455,548243.0,0.0,0,0.0,0.0
2016-10-13,638.06,15927814,10162901508.291134,5998137129.30293,0.40980072232231035,5843094.986690113,550455.0,0.0,0,0.0,0.0
2016-10-14,639.67,15929514,10189632729.111572,6002492878.752081,0.41092156721183076,4526496.849397399,534462.0,0.0,0,0.0,0.0
2016-10-15,642.28,15931289,10232348809.727314,6005224083.914539,0.4131138220966712,3081404.727873948,504150.0,0.0,0,0.0,0.0
2016-10-16,642.43,15932914,10235782451.946608,6009466117.682304,0.4128962640721771,3510359.3579513766,485071.0,0.0,0,0.0,0.0
2016-10-17,641.24,15934477,10217824220.840199,6019687628.172179,0.41086404521478564,17343970.911794573,552870.0,0.0,0,0.0,0.0
2016-10-18,640.05,15936414,10200102289.733788,6026971287.547455,0.4091263875252027,12100299.046040185,592884.0,0.0,0,0.0,0.0
2016-10-19,635.87,15937977,10134481622.764421,6029868224.263588,0.4050146372835597,5857616.926626506,461988.0,0.0,0,0.0,0.0
2016-10-20,632.49,15939652,10081670680.256296,6032466794.358893,0.4016401660319323,6124648.887121256,626591.0,0.0,0,0.0,0.0
2016-10-21,634.51,15941702,10115169523.392809,6040603571.700217,0.40281736675490826,13617170.570393989,587039.0,0.0,0,0.0,0.0
2016-10-22,644.0,15943564,10267655728.175236,6047590285.065076,0.4110057402421447,4785378.145351288,526716.0,0.0,0,0.0,0.0
2016-10-23,655.68,15945364,10455056788.984375,6051862239.9421425,0.4211545320042176,4284193.167051477,527516.0,0.0,0,0.0,0.0
2016-10-24,654.83,15947152,10442673737.53337,6057860381.740464,0.4198937423499959,13876303.818164408,583734.0,0.0,0,0.0,0.0
2016-10-25,657.9,15948889,10492774596.329948,6066542002.13687,0.42183624107785933,7831808.55006454,620109.0,0.0,0,0.0,0.0
2016-10-26,666.84,15950614,10636507970.09996,6080811110.270337,0.4283075679194747,10373037.466282154,615605.0,0.0,0,0.0,0.0
2016-10-27,684.43,15952639,10918465255.09934,6098083461.349234,0.44148895299170404,10444599.332276989,724967.0,0.0,0,0.0,0.0
2016-10-28,689.29,15954539,10997304735.504515,6106155439.619569,0.4447589126173795,6069105.769816017,572668.0,0.0,0,0.0,0.0
2016-10-29,709.14,15956402,11315323123.691282,6120762916.01601,0.45907307735642494,6973621.205611901,543922.0,0.0,0,0.0,0.0
2016-10-30,707.89,15958502,11296864189.822153,6124086174.690358,0.4578950342513793,4028753.690089073,474170.0,0.0,0,0.0,0.0
2016-10-31,703.38,15960339,11226183805.220337,6135123661.853681,0.45349873400426954,6940314.6844158685,581814.0,0.0,0,0.0,0.0
2016-11-01,724.22,15962139,11560100882.554455,6152205981.901585,0.4678068950777079,6588476.028437528,604939.0,0.0,0,0.0,0.0
2016-11-02,729.38,15963802,11643678118.148218,6164576422.713574,0.4705645106158282,5680799.417595068,587580.0,0.0,0,0.0,0.0
2016-11-03,728.18,15965739,11625932404.143854,6163909233.87351,0.4698137732439855,6854264.1623021485,596124.0,0.0,0,0.0,0.0
2016-11-04,702.96,15967189,11224295738.50631,6171896795.580761,0.4501305971111114,5252437.169065464,550065.0,0.0,0,0.0,0.0
2016-11-05,706.37,15969027,11280041810.583294,6176160141.703186,0.45247010202493076,3127006.719773849,559093.0,0.0,0,0.0,0.0
2016-11-06,712.1,15970939,11372906228.23538,6182419015.803052,0.4563905749566427,3471363.7616668134,522317.0,0.0,0,0.0,0.0
2016-11-07,708.85,15972764,11322294325.150646,6187238129.671391,0.4535349504271902,4615930.558681713,631014.0,0.0,0,0.0,0.0
2016-11-08,711.08,15974877,11359415747.144173,6199719967.207564,0.4542219331336462,12763754.36111453,665456.0,0.0,0,0.0,0.0
2016-11-09,728.6,15976714,11640634399.857883,6212756710.557129,0.4662871028203602,8818830.447040372,616611.0,0.0,0,0.0,0.0
2016-11-10,719.8,15978814,11501550889.659214,6219472660.72884,0.4592492160061103,10593036.713635534,614029.0,0.0,0,0.0,0.0
2016-11-11,719.65,15980852,11500620354.314919,6226672163.879269,0.45857945292985147,7928635.958751092,560192.0,0.0,0,0.0,0.0
2016-11-12,714.22,15982952,11415344188.351423,6229060702.961013,0.454325633972794,3301219.2866180446,573771.0,0.0,0,0.0,0.0
2016-11-13,700.44,15984727,11196342386.722147,6232114236.199467,0.44337945188330496,3170154.293636618,541238.0,0.0,0,0.0,0.0
2016-11-14,706.1,15986877,11288334058.213562,6238319178.525284,0.44736582507618217,8263170.309186702,635432.0,0.0,0,0.0,0.0
2016-11-15,714.84,15988827,11429453303.774511,6247147298.328604,0.453416787987093,7225968.209314347,655879.0,0.0,0,0.0,0.0
2016-11-16,729.05,15990964,11658212884.015768,6269985988.990495,0.46218292191360755,18159917.844693378,619114.0,0.0,0,0.0,0.0
2016-11-17,748.27,15992952,11967046414.006496,6282126112.830861,0.47504790275751574,14018660.192950286,630313.0,0.0,0,0.0,0.0
2016-11-18,748.06,15994802,11965071805.02448,6295775866.303766,0.4738204693715263,8457997.219012605,628713.0,0.0,0,0.0,0.0
2016-11-19,753.56,15996577,12054380786.64865,6302652932.214414,0.47714834600254297,4525918.91507061,581466.0,0.0,0,0.0,0.0
2016-11-20,747.22,15998177,11954158038.596428,6304567044.5356,0.4726046766171215,4415721.157405711,581201.0,0.0,0,0.0,0.0
2016-11-21,741.02,15999914,11856256861.615547,6312832005.809524,0.46755269563640933,7460699.197532848,611177.0,0.0,0,0.0,0.0
2016-11-22,749.46,16001589,11992551487.987907,6325090839.868328,0.4725817232301462,18454244.634668544,610870.0,0.0,0,0.0,0.0
2016-11-23,750.25,16003427,12006571328.301195,6333193294.043618,0.47252274434789043,6971324.400953367,647968.0,0.0,0,0.0,0.0
2016-11-24,749.2,16005452,11991284859.641129,6363582956.09346,0.4693160048668957,36542397.57256054,737208.0,0.0,0,0.0,0.0
2016-11-25,747.81,16007352,11970458119.950655,6369090277.609911,0.4679326209750638,5138141.08146916,687120.0,0.0,0,0.0,0.0
2016-11-26,745.45,16009264,11934106441.658741,6374701119.7157545,0.4658417745074407,7793918.243617715,668055.0,0.0,0,0.0,0.0
2016-11-27,737.34,16011064,11805598516.168833,6379211713.523756,0.45964520944983434,5076865.416468452,574090.0,0.0,0,0.0,0.0
2016-11-28,737.76,16013114,11813835571.38286,6386339791.444389,0.459418598400482,7561738.506036112,711477.0,0.0,0,0.0,0.0
2016-11-29,737.71,16014977,11814408900.518095,6391754545.82384,0.45898651387091033,6389357.311615652,653139.0,0.0,0,0.0,0.0
2016-11-30,743.19,16016752,11903490138.346357,6401006472.510042,0.4622580102041169,7415661.248933858,640448.0,0.0,0,0.0,0.0
2016-12-01,752.53,16018577,12054459972.034487,6413386231.111681,0.46796569518748304,8874641.192488622,599176.0,0.0,0,0.0,0.0
2016-12-02,772.0,16020364,12367721621.97404,6431612028.625117,0.4799679176803339,10255222.651709186,734332.0,0.0,0,0.0,0.0
2016-12-03,769.43,16022514,12328203558.95011,6482049573.0611105,0.47420972227902336,41977198.83296274,709304.0,0.0,0,0.0,0.0
2016-12-04,769.76,16024364,12334915044.832561,6487434369.348068,0.47405925814901867,3014255.707307765,647498.0,0.0,0,0.0,0.0
2016-12-05,761.29,16026264,12200635126.016342,6493695074.086731,0.46775762023734885,9346727.9981205,673204.0,0.0,0,0.0,0.0
2016-12-06,762.91,16028139,12228028131.234734,6500594724.973095,0.46838569103645883,5260786.39508421,752108.0,0.0,0,0.0,0.0
2016-12-07,767.68,16030314,12306152062.058329,6509762612.132607,0.47101558803233384,6362556.242350895,772764.0,0.0,0,0.0,0.0
2016-12-08,773.28,16032277,12397439386.912027,6521883242.983482,0.4739330405705688,11358270.4519904,656085.0,0.0,0,0.0,0.0
2016-12-09,775.8,16033964,12439149888.196192,6528971652.534244,0.4751271822257129,4614609.016175318,619016.0,0.0,0,0.0,0.0
2016-12-10,778.79,16035614,12488376446.434147,6540699113.348903,0.47625705059391504,9232222.168922093,598160.0,0.0,0,0.0,0.0
2016-12-11,772.62,16037952,12391242702.397127,6546034675.542522,0.47172088927963857,4971747.1717199,572051.0,0.0,0,0.0,0.0
2016-12-12,780.45,16039902,12518341746.369352,6556216030.59261,0.47627120560963393,6092869.943413745,640595.0,0.0,0,0.0,0.0
2016-12-13,784.3,16042127,12581840437.706268,6565842389.694932,0.47814928807888163,11417777.776815506,667959.0,0.0,0,0.0,0.0
2016-12-14,784.81,16043864,12591385530.001873,6574610948.048379,0.477848491543456,7567090.42556136,622713.0,0.0,0,0.0,0.0
2016-12-15,782.16,16045452,12550110967.29432,6583983701.607542,0.4753844233915181,8325187.958497422,614039.0,0.0,0,0.0,0.0
2016-12-16,784.18,16047114,12583826480.180832,6594411474.152975,0.475961347326349,10541224.5136603,641112.0,0.0,0,0.0,0.0
2016-12-17,791.37,16048914,12700629701.559063,6603885639.049355,0.4800347861304313,7306203.830361841,588896.0,0.0,0,0.0,0.0
2016-12-18,791.97,16050677,12711654897.561245,6614180628.271609,0.47967588157694935,12125265.257815614,567437.0,0.0,0,0.0,0.0
2016-12-19,795.11,16052564,12763554794.393496,6620775864.1066265,0.48127492922153153,4927493.87528724,662361.0,0.0,0,0.0,0.0
2016-12-20,796.26,16054289,12783388792.408094,6635008688.501366,0.48096637000966286,10442544.339026384,654479.0,0.0,0,0.0,0.0
2016-12-21,819.6,16056277,13159724871.23047,6667366913.854791,0.4933505845224123,29837416.35998699,708870.0,0.0,0,0.0,0.0
2016-12-22,858.35,16058264,13783611587.048468,6699930484.484741,0.5139205394629507,23904411.74530322,687018.0,0.0,0,0.0,0.0
2016-12-23,902.66,16060164,14496868354.12835,6753430330.235872,0.5341455709423848,19611750.997319955,666292.0,0.0,0,0.0,0.0
2016-12-24,905.79,16061877,14548687835.312649,6764444062.334465,0.5350478243188521,9640490.8068215,553797.0,0.0,0,0.0,0.0
2016-12-25,880.14,16063939,14138515971.438124,6778100086.079827,0.5205932433239399,7409451.45273522,472778.0,0.0,0,0.0,0.0
2016-12-26,904.39,16065714,14529671803.724224,6795143258.442191,0.5323264454810005,6040004.615017807,591799.0,0.0,0,0.0,0.0
2016-12-27,920.82,16067664,14795427096.811056,6821073504.888441,0.5389742073509574,10495136.13132044,650563.0,0.0,0,0.0,0.0
2016-12-28,958.82,16069714,15407963940.032578,6869941332.606129,0.5541304899632571,24986380.86041127,662998.0,0.0,0,0.0,0.0
2016-12-29,973.35,16071589,15643281927.258331,6903172514.145249,0.558713283680165,20402291.48687035,656761.0,0.0,0,0.0,0.0
2016-12-30,958.53,16073552,15406982081.616938,6928253368.799787,0.5503172956197352,12163117.507889342,644375.0,0.0,0,0.0,0.0
2016-12-31,960.06,16075402,15433350727.628752,6941314723.446713,0.5502392937250894,4938286.010715091,573846.0,0.0,0,0.0,0.0
2017-01-01,979.53,16077352,15748248893.818304,6964507034.019924,0.55775990835694,7631650.817461378,465501.0,0.0,0,0.0,0.0
2017-01-02,1018.17,16079339,16371501399.383818,7003421233.770007,0.572218756061457,16529545.740108892,706006.0,0.0,0,0.0,0.0
2017-01-03,1031.18,16081389,16582807529.120714,7043424528.892153,0.5752574154573437,11907939.595403932,656631.0,0.0,0,0.0,0.0
2017-01-04,1087.68,16083302,17493486240.555344,7135191669.874305,0.5921229438342192,20949206.116273247,699023.0,0.0,0,0.0,0.0
2017-01-05,1060.08,16085052,17051442237.204973,7195808056.432457,0.5779941686849374,47364476.06138822,653187.0,0.0,0,0.0,0.0
2017-01-06,942.65,16087064,15164471629.292524,7173202390.365431,0.5269731405274102,17112000.111453798,719666.0,0.0,0,0.0,0.0
2017-01-07,876.54,16088789,14102467807.175032,7177454118.573723,0.4910497781869079,8283618.771393098,649279.0,0.0,0,0.0,0.0
2017-01-08,920.99,16090877,14819537080.201258,7187159999.007992,0.5150212884442956,8021898.273527279,599742.0,0.0,0,0.0,0.0
2017-01-09,900.04,16092577,14483963268.864656,7197289025.582822,0.5030856615706545,9840624.995693758,612983.0,0.0,0,0.0,0.0
2017-01-10,910.02,16094577,14646387230.271782,7206119478.12955,0.5079933798803549,8092854.5321892,703934.0,0.0,0,0.0,0.0
2017-01-11,852.88,16096489,13728374216.61816,7177060492.134628,0.47720972790450195,18293309.072119948,640611.0,0.0,0,0.0,0.0
2017-01-12,789.67,16098639,12712612887.157045,7176767022.102227,0.43546090124772246,8525039.85937047,626371.0,0.0,0,0.0,0.0
2017-01-13,812.0,16100514,13073618013.786165,7182271972.762629,0.4506285891794526,9446938.13643331,593639.0,0.0,0,0.0,0.0
2017-01-14,830.89,16102664,13379543151.769444,7182250250.220101,0.46319166740231715,3173653.3373430967,595370.0,0.0,0,0.0,0.0
2017-01-15,821.4,16104752,13228443535.362015,7186071672.19423,0.45677118755622576,5632149.31769596,554310.0,0.0,0,0.0,0.0
2017-01-16,832.6,16106864,13410575628.569412,7190156165.74742,0.4638443296624965,5582230.738652302,635067.0,0.0,0,0.0,0.0
2017-01-17,881.76,16108839,14204130577.906515,7216428857.965757,0.4919485695808525,8111357.352908432,660229.0,0.0,0,0.0,0.0
2017-01-18,890.0,16110714,14338536167.819813,7221514993.954524,0.4963561894022434,5250289.222740798,652518.0,0.0,0,0.0,0.0
2017-01-19,897.04,16112889,14453906661.978746,7233852147.67463,0.4995227022806641,3944070.73358437,688533.0,0.0,0,0.0,0.0
2017-01-20,899.16,16115252,14490190253.84479,7241067856.157559,0.5002779308410921,4232656.691573882,665649.0,0.0,0,0.0,0.0
2017-01-21,920.53,16117514,14836655894.520418,7254855439.946586,0.511018150483223,4765323.634306272,638695.0,0.0,0,0.0,0.0
2017-01-22,926.27,16119689,14931185066.695457,7267796750.896028,0.5132471589875938,6165776.215024394,566601.0,0.0,0,0.0,0.0
2017-01-23,924.25,16121414,14900217624.558947,7278357630.928179,0.5115267565668443,5519203.781563635,621707.0,0.0,0,0.0,0.0
2017-01-24,911.75,16123277,14700398073.992657,7286842835.590563,0.5043098289642818,10558374.446833191,725088.0,0.0,0,0.0,0.0
2017-01-25,900.08,16125139,14513915826.956469,7300620623.277276,0.4969916657696231,9002373.908280972,713203.0,0.0,0,0.0,0.0
2017-01-26,910.41,16127077,14682252440.41695,7316154359.969317,0.5017008194308399,6571821.637876016,727690.0,0.0,0,0.0,0.0
2017-01-27,919.69,16129202,14833866058.967365,7325167383.197646,0.506186225891568,5722019.6165978415,664609.0,0.0,0,0.0,0.0
2017-01-28,922.01,16131102,14873037627.292467,7331483033.689612,0.5070621605746413,3073188.185193245,663149.0,0.0,0,0.0,0.0
2017-01-29,921.44,16133189,14865766404.984144,7353178231.486814,0.5053616455979381,31342605.324618023,647475.0,0.0,0,0.0,0.0
2017-01-30,922.51,16134989,14884689436.065119,7360921008.234454,0.5054702995415422,3901827.295509401,646742.0,0.0,0,0.0,0.0
2017-01-31,944.21,16136802,15236530095.248198,7382321284.092691,0.5154854000258885,7560271.310831642,679601.0,0.0,0,0.0,0.0
2017-02-01,976.67,16139202,15762674705.753736,7403414753.589339,0.5303198922904294,5865371.507916087,793057.0,0.0,0,0.0,0.0
2017-02-02,996.83,16141164,16089997302.90205,7426060139.559998,0.5384672849994445,7554646.60184859,641874.0,0.0,0,0.0,0.0
2017-02-03,1023.48,16143027,16522065576.196878,7455161600.022771,0.5487754502824801,19633365.34164477,717712.0,0.0,0,0.0,0.0
2017-02-04,1029.12,16144827,16614964666.142387,7472715853.008143,0.5502418450376917,6297514.351076046,657814.0,0.0,0,0.0,0.0
2017-02-05,1033.79,16146814,16692415667.236454,7484731829.81659,0.5516088276840916,7065594.757676041,693085.0,0.0,0,0.0,0.0
2017-02-06,1036.89,16148377,16744090933.726896,7503911138.739302,0.5518472057730827,12385207.510275057,620842.0,0.0,0,0.0,0.0
2017-02-07,1053.92,16150264,17021087073.065908,7533523028.708627,0.5574005939591461,17821066.66364996,719291.0,0.0,0,0.0,0.0
2017-02-08,1063.32,16152089,17174840121.141756,7553321005.648295,0.5602101124452178,6298232.128387779,667561.0,0.0,0,0.0,0.0
2017-02-09,1032.72,16154202,16682767794.40548,7557981969.502521,0.5469587503317603,14313675.25658965,761694.0,0.0,0,0.0,0.0
2017-02-10,974.42,16156039,15742768297.339304,7581977806.391556,0.5183834467237258,12792032.427423222,661109.0,0.0,0,0.0,0.0
2017-02-11,1001.7,16157777,16185245516.705177,7589405140.695234,0.5310911327936281,2744135.4652117696,631563.0,0.0,0,0.0,0.0
2017-02-12,999.57,16159527,16152578698.566181,7599613820.140874,0.529510800599568,5477117.86373535,571383.0,0.0,0,0.0,0.0
2017-02-13,993.83,16161564,16061847940.51614,7614023639.806491,0.5259559380711073,8787747.357076984,672274.0,0.0,0,0.0,0.0
2017-02-14,1001.26,16163677,16184043528.695242,7628267782.958563,0.5286550132274913,6609115.608449651,681184.0,0.0,0,0.0,0.0
2017-02-15,1005.31,16165414,16251253147.866219,7636154198.997959,0.5301190542342525,3368165.9039331214,636426.0,0.0,0,0.0,0.0
2017-02-16,1021.04,16167302,16507462335.596338,7652135186.73383,0.5364438802787433,4739245.877025311,674048.0,0.0,0,0.0,0.0
2017-02-17,1040.05,16169189,16816765846.605051,7683059837.655777,0.5431309499259738,12120920.242722832,698688.0,0.0,0,0.0,0.0
2017-02-18,1056.5,16171077,17084743162.48779,7697670115.295837,0.5494418592023514,5743641.381148722,692667.0,0.0,0,0.0,0.0
2017-02-19,1051.2,16172752,17000797212.822683,7709441248.396414,0.5465247216417802,6520027.128952541,600488.0,0.0,0,0.0,0.0
2017-02-20,1054.29,16174602,17052721453.915169,7728369612.076524,0.546795528622081,5156699.632612978,660622.0,0.0,0,0.0,0.0
2017-02-21,1093.67,16176327,17691563873.054207,7760274380.463792,0.5613573544912349,10565984.537330495,647509.0,0.0,0,0.0,0.0
2017-02-22,1112.44,16178052,17997112495.387047,7800972046.246728,0.5665431302801356,15553496.689640082,636232.0,0.0,0,0.0,0.0
2017-02-23,1139.22,16179927,18432496773.355267,7846823231.621172,0.5742940672603837,9690326.146694208,702509.0,0.0,0,0.0,0.0
2017-02-24,1175.0,16181964,19013808634.481213,7903706687.624139,0.5843175431306854,33700057.33571477,768914.0,0.0,0,0.0,0.0
2017-02-25,1159.54,16184052,18766055998.495827,7914480548.7557125,0.5782555189332224,5437257.143920652,756336.0,0.0,0,0.0,0.0
2017-02-26,1154.02,16186277,18679287724.325752,7929364025.883691,0.5754996580754308,3741198.9638997824,660065.0,0.0,0,0.0,0.0
2017-02-27,1172.75,16188077,18984567648.06678,7956097829.361439,0.5809176180964217,7341171.584234818,666849.0,0.0,0,0.0,0.0
2017-02-28,1179.77,16189989,19100464260.80481,7976116156.069549,0.5824124457311243,6134008.75950502,711021.0,0.0,0,0.0,0.0
2017-03-01,1194.63,16191789,19343197843.163017,8017243477.973113,0.5855264707015928,8522261.091866493,693531.0,0.0,0,0.0,0.0
2017-03-02,1225.2,16193752,19840585312.205433,8066317223.242116,0.5934435856446272,11184626.60570914,740534.0,0.0,0,0.0,0.0
2017-03-03,1259.04,16195639,20390958327.87849,8121331980.721044,0.6017189653309444,28280191.1295588,736366.0,0.0,0,0.0,0.0
2017-03-04,1259.53,16197289,20400972415.87819,8143037526.316556,0.6008505202438887,6605888.291276555,626904.0,0.0,0,0.0,0.0
2017-03-05,1246.75,16199127,20196261955.419216,8164637357.897143,0.5957352218980133,6372797.478992891,698112.0,0.0,0,0.0,0.0
2017-03-06,1263.66,16200902,20472432194.48279,8202533493.644318,0.5993376157887652,10974004.179014329,687505.0,0.0,0,0.0,0.0
2017-03-07,1239.13,16202814,20077393897.30401,8219286674.324248,0.5906198425768827,11763614.169292465,751777.0,0.0,0,0.0,0.0
2017-03-08,1186.06,16204589,19219615772.617264,8225245086.609431,0.5720390467780228,13136137.040246502,697316.0,0.0,0,0.0,0.0
2017-03-09,1167.29,16206439,18917615108.659424,8241592109.564712,0.564342964891374,11040305.968364654,712606.0,0.0,0,0.0,0.0
2017-03-10,1194.36,16208389,19358652435.91828,8234225307.461703,0.5746488380470212,16077314.31103473,750291.0,0.0,0,0.0,0.0
2017-03-11,1164.97,16210252,18884457616.459324,8254521261.8575945,0.5628933893942967,7815003.885317318,700490.0,0.0,0,0.0,0.0
2017-03-12,1190.64,16212189,19302881657.879757,8277637782.89414,0.5711708785452212,5792475.299218796,596815.0,0.0,0,0.0,0.0
2017-03-13,1220.0,16214002,19781082800.269855,8335870126.146612,0.5785938408774624,24620026.62708512,696370.0,0.0,0,0.0,0.0
2017-03-14,1233.66,16215952,20004971708.6237,8359819496.957092,0.5821129057956448,7189637.587857335,744191.0,0.0,0,0.0,0.0
2017-03-15,1253.82,16217727,20334110837.397007,8397951139.881389,0.5870018016998072,11930902.074948687,680432.0,0.0,0,0.0,0.0
2017-03-16,1226.93,16219639,19900362654.051308,8413889549.81463,0.5771991849554695,18132733.160024527,741421.0,0.0,0,0.0,0.0
2017-03-17,1141.7,16221564,18520160526.79762,8400962989.994085,0.5463882195924614,23930069.40759434,719836.0,0.0,0,0.0,0.0
2017-03-18,1047.0,16223527,16986033078.18241,8383755209.888356,0.5064324217844123,31269825.48978959,688602.0,0.0,0,0.0,0.0
2017-03-19,1018.27,16225589,16522031320.863348,8396926036.4051,0.49177399114346165,17591070.17103869,679123.0,0.0,0,0.0,0.0
2017-03-20,1044.95,16227289,16956706471.602037,8398890842.447459,0.5046861926569666,10874592.471713504,657207.0,0.0,0,0.0,0.0
2017-03-21,1089.49,16229064,17681403803.83484,8433616167.46048,0.5230233831529061,14926237.50427855,697181.0,0.0,0,0.0,0.0
2017-03-22,1063.72,16231052,17265294947.55988,8440148327.977413,0.5111494849284189,18486576.82935361,748042.0,0.0,0,0.0,0.0
2017-03-23,1043.82,16232902,16944228073.883345,8437697438.375272,0.5020311694587875,8934444.432223618,684539.0,0.0,0,0.0,0.0
2017-03-24,998.22,16235102,16206203813.217522,8426987227.31369,0.4800147323557184,91904240.10424548,714958.0,0.0,0,0.0,0.0
2017-03-25,935.5,16236764,15189493466.006107,8441576244.833736,0.4442489959440796,30603186.294147428,619575.0,0.0,0,0.0,0.0
2017-03-26,974.76,16238839,15828971478.869709,8450185111.126437,0.4661570322236859,22023109.49286757,591405.0,0.0,0,0.0,0.0
2017-03-27,1001.95,16240489,16272158750.404003,8474086106.598722,0.47922791090098427,12478237.443689726,604343.0,0.0,0,0.0,0.0
2017-03-28,1041.72,16242427,16920061362.06321,8490722476.5891485,0.4981860706707389,12761941.027657716,739715.0,0.0,0,0.0,0.0
2017-03-29,1034.18,16244152,16799377420.756624,8498648496.111981,0.4941093182648901,9498649.953669868,689325.0,0.0,0,0.0,0.0
2017-03-30,1028.34,16246202,16706619668.35205,8510446172.348324,0.4905943667066314,11051478.499709431,708778.0,0.0,0,0.0,0.0
2017-03-31,1045.03,16247889,16979532272.785662,8543699723.118857,0.496823611754461,14282006.210962852,634614.0,0.0,0,0.0,0.0
2017-04-01,1069.78,16249539,17383432682.219414,8558564757.616333,0.5076596829824968,11055380.5490889,643936.0,0.0,0,0.0,0.0
2017-04-02,1076.59,16251514,17496218313.47543,8573106278.245486,0.5100023259516282,10844802.924300388,659287.0,0.0,0,0.0,0.0
2017-04-03,1130.52,16253714,18375149650.386127,8603170352.09126,0.5318040660468593,9591568.907681577,745400.0,0.0,0,0.0,0.0
2017-04-04,1146.4,16255277,18635049891.335545,8620334483.62301,0.537412857282927,5650368.305193556,639720.0,0.0,0,0.0,0.0
2017-04-05,1133.15,16257302,18421962095.92278,8639653607.63218,0.5310133870298028,9196874.367923165,753537.0,0.0,0,0.0,0.0
2017-04-06,1167.17,16259139,18977180194.88399,8672991825.510342,0.542977843049176,7879075.469031558,707107.0,0.0,0,0.0,0.0
2017-04-07,1191.67,16261164,19377942251.61892,8704293728.322683,0.5508143426531531,20491910.80195239,729776.0,0.0,0,0.0,0.0
2017-04-08,1188.67,16262877,19331194354.60801,8716169054.498787,0.5491137849730894,6630600.707359082,603135.0,0.0,0,0.0,0.0
2017-04-09,1192.76,16264864,19400080133.245796,8737472511.700943,0.5496166793286802,5026461.40101263,666532.0,0.0,0,0.0,0.0
2017-04-10,1208.9,16266702,19664816404.791992,8759579698.34536,0.5545557345650685,8217457.113407029,695999.0,0.0,0,0.0,0.0
2017-04-11,1215.33,16268789,19771948301.92579,8786491578.68821,0.555608205902885,6471735.731005706,762554.0,0.0,0,0.0,0.0
2017-04-12,1221.39,16270564,19872705135.335327,8809266563.545431,0.5567152783904683,15679328.139193086,694225.0,0.0,0,0.0,0.0
2017-04-13,1194.05,16272152,19429763448.206738,8813357411.144285,0.546399139925828,4603158.580608103,616904.0,0.0,0,0.0,0.0
2017-04-14,1188.18,16273889,19336310376.98331,8826738024.69422,0.5435148767987819,16055305.987060605,705778.0,0.0,0,0.0,0.0
2017-04-15,1190.41,16275764,19374833169.976837,8834193732.935276,0.5440376876831793,4469540.232292774,689879.0,0.0,0,0.0,0.0
2017-04-16,1188.92,16277589,19352752059.431835,8840163697.188017,0.543208962216842,3564094.416008165,595592.0,0.0,0,0.0,0.0
2017-04-17,1195.0,16279314,19453781180.387276,8868606583.775494,0.5441191354246053,10701191.877179654,608594.0,0.0,0,0.0,0.0
2017-04-18,1220.64,16281139,19873410479.73885,8889893791.629093,0.5526739710482792,9589782.88260221,715616.0,0.0,0,0.0,0.0
2017-04-19,1212.68,16282927,19745980272.46824,8906806872.821863,0.5489306304412449,7526669.388709615,727714.0,0.0,0,0.0,0.0
2017-04-20,1226.44,16284652,19972148961.05161,8933689140.833292,0.5526926442289614,6347685.633103337,691989.0,0.0,0,0.0,0.0
2017-04-21,1245.06,16286739,20277968249.540154,8952145749.14146,0.5585284660190515,4962830.551762893,797398.0,0.0,0,0.0,0.0
2017-04-22,1241.08,16288552,20215396482.654846,8961738004.419521,0.5566874974671486,3511051.903775818,695315.0,0.0,0,0.0,0.0
2017-04-23,1242.72,16290464,20244486410.419144,8975788457.15653,0.5566304684056099,5102427.074155125,647988.0,0.0,0,0.0,0.0
2017-04-24,1249.7,16292014,20360130889.69036,9001186708.047762,0.557901333895371,10842517.91819343,611649.0,0.0,0,0.0,0.0
2017-04-25,1268.58,16293864,20670071002.02568,9030453292.91035,0.563114548952185,8875349.352749579,742833.0,0.0,0,0.0,0.0
2017-04-26,1288.21,16295777,20992383269.582485,9059613994.886486,0.5684332798928232,8102469.935718714,771922.0,0.0,0,0.0,0.0
2017-04-27,1308.13,16297614,21319398842.179924,9101417822.96818,0.5730921922169193,6192551.492427038,727280.0,0.0,0,0.0,0.0
2017-04-28,1312.56,16299314,21393828627.723114,9150485533.043774,0.5722838725002148,26358494.646080613,730815.0,0.0,0,0.0,0.0
2017-04-29,1332.61,16301477,21723511658.493942,9175763928.168482,0.5776113884156139,8391458.97502918,837083.0,0.0,0,0.0,0.0
2017-04-30,1331.06,16303364,21700756744.436222,9206355105.066736,0.5757587989447824,13759697.842409031,738955.0,0.0,0,0.0,0.0
2017-05-01,1378.37,16305239,22474653376.652016,9277081297.686487,0.5872202724459341,34152219.26890757,716349.0,0.0,0,0.0,0.0
2017-05-02,1440.51,16307214,23490705984.782154,9335962097.920572,0.6025678366597993,19656841.663289867,793139.0,0.0,0,0.0,0.0
2017-05-03,1469.56,16308864,23966855348.585712,9395852081.276072,0.6079647519618997,10940284.96239575,693523.0,0.0,0,0.0,0.0
2017-05-04,1542.51,16310964,25159826306.403076,9487757967.953512,0.6229004981032434,18009025.923125092,855571.0,0.0,0,0.0,0.0
2017-05-05,1565.87,16312577,25543375409.39636,9558800076.691563,0.6257816391339074,30909915.682189777,666643.0,0.0,0,0.0,0.0
2017-05-06,1548.91,16314677,25269966809.468018,9608933648.90649,0.6197488615099302,7352907.01676278,877650.0,0.0,0,0.0,0.0
2017-05-07,1553.87,16316764,25354131312.47772,9632631295.663727,0.6200764610332696,7707247.39715589,794066.0,0.0,0,0.0,0.0
2017-05-08,1611.02,16319014,26290259215.529297,9750037222.569616,0.6291387946144554,17260838.040663958,894501.0,0.0,0,0.0,0.0
2017-05-09,1710.42,16320952,27915683224.932434,9845441753.633627,0.6473150352687649,24220945.31004529,798779.0,0.0,0,0.0,0.0
2017-05-10,1744.77,16322802,28479535760.776096,9931241626.177942,0.65128498899705,10943339.739444476,740812.0,0.0,0,0.0,0.0
2017-05-11,1825.79,16324489,29805090223.366558,10049700855.671902,0.6628193110520045,36036118.06668589,708026.0,0.0,0,0.0,0.0
2017-05-12,1778.48,16326414,29036202185.150764,10090262613.903475,0.6524937197515563,12602223.32091288,749974.0,0.0,0,0.0,0.0
2017-05-13,1721.29,16328389,28105894070.757378,10143778883.373442,0.6390871303422622,8462262.199290661,796331.0,0.0,0,0.0,0.0
2017-05-14,1791.43,16330439,29254839762.499943,10177312924.776447,0.6521152394817713,5103097.711300509,896627.0,0.0,0,0.0,0.0
2017-05-15,1751.56,16332564,28607467192.861202,10220544112.094841,0.6427315972018205,13062939.407615723,829143.0,0.0,0,0.0,0.0
2017-05-16,1738.15,16334214,28391315446.45619,10266694213.536419,0.6383861032117866,8249978.146183453,662457.0,0.0,0,0.0,0.0
2017-05-17,1813.69,16336152,29628716056.46839,10363122773.798073,0.650233822010804,19004723.197114907,765222.0,0.0,0,0.0,0.0
2017-05-18,1843.65,16337927,30121419657.985672,10431410404.082539,0.6536879561944218,8424057.313062381,744563.0,0.0,0,0.0,0.0
2017-05-19,1926.11,16339977,31472593668.256367,10534720583.539381,0.6652731994514699,17885785.609408442,811073.0,0.0,0,0.0,0.0
2017-05-20,1984.76,16342039,32435026904.1259,10626186059.050144,0.6723854711001199,11721498.99619125,854723.0,0.0,0,0.0,0.0
2017-05-21,2033.16,16343877,33229717561.718575,10704529504.912985,0.67786275989162,11371596.933314824,793969.0,0.0,0,0.0,0.0
2017-05-22,2126.81,16345702,34764203098.67371,10875961220.834154,0.6871505672094903,30977513.41316521,775500.0,0.0,0,0.0,0.0
2017-05-23,2198.89,16347802,35947018989.11916,11088260429.718021,0.6915388051211051,25661041.6362314,881824.0,0.0,0,0.0,0.0
2017-05-24,2369.29,16349727,38737245383.48882,11297317917.417555,0.7083603182008168,37177158.77960663,814969.0,0.0,0,0.0,0.0
2017-05-25,2558.1,16351764,41829449522.86501,11503557581.571087,0.7249890277594269,57911014.51621591,846813.0,0.0,0,0.0,0.0
2017-05-26,2395.74,16353677,39179158843.44959,11623432020.960152,0.7033261467556114,18688461.118083023,822114.0,0.0,0,0.0,0.0
2017-05-27,2091.53,16355777,34208598886.445423,11628188115.015718,0.6600799654608716,14257880.332539983,896081.0,0.0,0,0.0,0.0
2017-05-28,2177.24,16357839,35614943115.92585,11706035778.134571,0.6713167352245465,11840902.706567388,860215.0,0.0,0,0.0,0.0
2017-05-29,2234.21,16359727,36551066320.43928,11785759792.19906,0.6775535988779489,10519108.74376886,773589.0,0.0,0,0.0,0.0
2017-05-30,2281.26,16361964,37325895808.93329,11834947529.377647,0.6829293102579694,16843322.90017605,851547.0,0.0,0,0.0,0.0
2017-05-31,2253.65,16364014,36878761943.43497,11971136858.92879,0.6753921165441984,30794661.847782303,822814.0,0.0,0,0.0,0.0
2017-06-01,2389.02,16366139,39099035293.775154,12108805651.26043,0.6903042348671903,17662078.25972801,841940.0,0.0,0,0.0,0.0
2017-06-02,2427.38,16367964,39731270384.82299,12216283571.366003,0.6925272347689008,9095293.934429465,729203.0,0.0,0,0.0,0.0
2017-06-03,2519.8,16370364,41250045211.2049,12328839514.711033,0.7011193696495124,8715736.259183154,887640.0,0.0,0,0.0,0.0
2017-06-04,2527.4,16372377,41379546376.14921,12411338239.880018,0.7000610367484889,11860982.307452234,738057.0,0.0,0,0.0,0.0
2017-06-05,2594.48,16374427,42483124129.11814,12565555435.404657,0.7042224249512723,13146557.335057631,770564.0,0.0,0,0.0,0.0
2017-06-06,2828.04,16376314,46312873293.70915,12752714073.999691,0.7246399722788969,14728563.928659957,805562.0,0.0,0,0.0,0.0
2017-06-07,2817.71,16378377,46149517488.748665,12829483844.182255,0.7220017772166284,9937968.56532786,882021.0,0.0,0,0.0,0.0
2017-06-08,2758.31,16380439,45182330891.78266,12965953090.009523,0.7130304516368444,12055987.512920782,824752.0,0.0,0,0.0,0.0
2017-06-09,2821.85,16382327,46228470278.25122,13082517181.03386,0.717003026440425,17224084.166249525,769003.0,0.0,0,0.0,0.0
2017-06-10,2852.1,16384089,46729062505.18414,13258122714.90296,0.716276723646401,39025304.85586003,705037.0,0.0,0,0.0,0.0
2017-06-11,2895.02,16385914,47437551050.698555,13385227556.055176,0.7178347688785661,11635726.486107511,669902.0,0.0,0,0.0,0.0
2017-06-12,2799.56,16387752,45878495815.83891,13520396605.204056,0.7052999152483912,70649793.06688102,725777.0,0.0,0,0.0,0.0
2017-06-13,2717.01,16389514,44530475593.98664,13686478395.674625,0.6926491753543536,77406339.14601098,771394.0,0.0,0,0.0,0.0
2017-06-14,2669.21,16391264,43751727904.27115,13718740074.714542,0.6864411822835622,19191193.695480462,746991.0,0.0,0,0.0,0.0
2017-06-15,2378.29,16393177,38987729629.64655,13746642415.754042,0.647411056085169,15763335.202816604,799478.0,0.0,0,0.0,0.0
2017-06-16,2462.76,16395027,40377017421.780815,13836524866.30828,0.6573168165996243,27139009.288054183,732364.0,0.0,0,0.0,0.0
2017-06-17,2559.7,16396839,41970990824.0375,13908998293.479862,0.6686044808474252,6775030.496457228,667827.0,0.0,0,0.0,0.0
2017-06-18,2568.07,16398652,42112886999.99919,14006375179.673817,0.6674088105222022,22387901.315806173,631933.0,0.0,0,0.0,0.0
2017-06-19,2551.47,16400539,41845485271.52215,14118898936.749552,0.6625944508676033,15190362.493463015,733099.0,0.0,0,0.0,0.0
2017-06-20,2648.65,16402264,43443858650.07972,14253966338.027159,0.6718991640950612,16116963.58077404,745137.0,0.0,0,0.0,0.0
2017-06-21,2700.63,16404014,44301174476.63957,14312962401.209162,0.676916863485041,10622742.904602531,758122.0,0.0,0,0.0,0.0
2017-06-22,2674.57,16405752,43878332916.448975,14409409711.622663,0.6716053515738537,14520294.15579695,739184.0,0.0,0,0.0,0.0
2017-06-23,2706.82,16407752,44412832067.9725,14474648547.826586,0.6740885939074192,8473021.560687797,715885.0,0.0,0,0.0,0.0
2017-06-24,2659.43,16409577,43640122146.44808,14502584607.160208,0.6676777265083665,9669055.112159109,649568.0,0.0,0,0.0,0.0
2017-06-25,2565.19,16411102,42097595496.88872,14516067876.557875,0.6551805939217904,6499997.97594992,538529.0,0.0,0,0.0,0.0
2017-06-26,2453.69,16412877,40272112890.71241,14524379788.928043,0.6393439840531022,9325470.190715978,707638.0,0.0,0,0.0,0.0
2017-06-27,2396.78,16414514,39341980771.086716,14587163713.81042,0.6292214212932857,9232795.54807381,700130.0,0.0,0,0.0,0.0
2017-06-28,2529.75,16416477,41529583437.79317,14660452062.627245,0.6469877410500151,13675675.607449433,749164.0,0.0,0,0.0,0.0
2017-06-29,2556.11,16417977,41966155944.29736,14721162129.820112,0.6492134721760113,10000564.411102667,624172.0,0.0,0,0.0,0.0
2017-06-30,2519.27,16419902,41366167255.488396,14786068503.559002,0.6425564782872841,17361802.039486505,727417.0,0.0,0,0.0,0.0
2017-07-01,2458.14,16421952,40367457815.176506,14802535501.259903,0.633305233908122,7868267.935399071,647826.0,0.0,0,0.0,0.0
2017-07-02,2444.33,16424302,40146414829.47837,14857356337.426645,0.6299207189350988,10991436.4416822,608987.0,0.0,0,0.0,0.0
2017-07-03,2521.76,16426427,41423507296.203705,14935481482.768013,0.6394443045112023,17067820.549222805,672266.0,0.0,0,0.0,0.0
2017-07-04,2596.4,16428339,42654541444.52512,14992335147.98241,0.6485172588836555,10990343.929413827,722198.0,0.0,0,0.0,0.0
2017-07-05,2575.83,16430202,42321407978.31074,15077621049.445093,0.6437353630301664,20524156.56042899,658024.0,0.0,0,0.0,0.0
2017-07-06,2598.4,16431977,42696849804.11573,15123469013.622217,0.6457942662513617,9381784.154817272,629688.0,0.0,0,0.0,0.0
2017-07-07,2548.48,16433827,41881280185.534195,15185410834.99178,0.6374177014713885,13525879.589007294,741956.0,0.0,0,0.0,0.0
2017-07-08,2517.65,16435889,41379817943.145004,15224661478.737295,0.6320751942491467,7925772.94018236,645693.0,0.0,0,0.0,0.0
2017-07-09,2543.8,16437614,41814004516.29218,15238909158.123154,0.6355548975897406,9424773.320166815,553222.0,0.0,0,0.0,0.0
2017-07-10,2456.05,16440077,40377651841.12933,15210044965.764606,0.6233053614506774,7426037.758901745,775801.0,0.0,0,0.0,0.0
2017-07-11,2343.23,16442239,38527949555.548225,15227646784.911161,0.6047636336588199,11612448.247098666,775095.0,0.0,0,0.0,0.0
2017-07-12,2344.9,16444452,38560596187.256386,15249316077.276155,0.6045362990960241,8200820.331661772,754337.0,0.0,0,0.0,0.0
2017-07-13,2369.26,16446414,38965832717.91997,15275603384.941729,0.6079744145204257,10702207.03190776,684759.0,0.0,0,0.0,0.0
2017-07-14,2279.88,16448152,37499813455.01577,15269275250.146952,0.5928173011190109,13553882.112563768,643748.0,0.0,0,0.0,0.0
2017-07-15,2077.38,16449739,34172360455.96688,15209082399.420135,0.5549302946450555,8621895.862829672,639495.0,0.0,0,0.0,0.0
2017-07-16,1934.91,16451777,31832708406.45504,15166224685.948555,0.5235647406340974,7767827.796678935,613814.0,0.0,0,0.0,0.0
2017-07-17,2054.81,16453627,33809077902.661884,15272293191.889763,0.5482783282093792,29559523.46843791,696719.0,0.0,0,0.0,0.0
2017-07-18,2276.72,16455689,37464998070.76261,15326918895.193552,0.5909003153758453,9715852.89221396,815536.0,0.0,0,0.0,0.0
2017-07-19,2314.74,16457552,38094954600.03004,15357889389.332815,0.5968524034067044,10052454.85579818,721931.0,0.0,0,0.0,0.0
2017-07-20,2485.34,16459577,40907645835.10876,15594747336.045042,0.6187815989484063,13725132.12311697,661661.0,0.0,0,0.0,0.0
2017-07-21,2715.12,16461502,44694954112.02351,15654382284.515759,0.6497505681451292,10703304.810615849,754509.0,0.0,0,0.0,0.0
2017-07-22,2773.57,16463502,45662676061.18399,15757572649.9603,0.6549135090364276,8789833.993192341,653793.0,0.0,0,0.0,0.0
2017-07-23,2770.23,16465652,45613643958.01768,15806348869.26604,0.6534732264799094,6003191.434757678,538475.0,0.0,0,0.0,0.0
2017-07-24,2755.36,16467877,45374930384.38652,15880563878.198196,0.6500145841840743,14080004.993424805,680062.0,0.0,0,0.0,0.0
2017-07-25,2627.01,16469727,43266138302.034355,16012896985.22526,0.629897707222178,90090662.05910382,703420.0,0.0,0,0.0,0.0
2017-07-26,2507.58,16471564,41303766449.406296,16053009507.442177,0.6113427203520099,11258727.449882245,671131.0,0.0,0,0.0,0.0
2017-07-27,2576.24,16473489,42439663350.25181,16207639932.949953,0.6181015905053406,24254337.87094202,689863.0,0.0,0,0.0,0.0
2017-07-28,2745.22,16475364,45228500943.36214,16540930236.267773,0.6342808209146413,61403200.83945643,689042.0,0.0,0,0.0,0.0
2017-07-29,2729.99,16477327,44982938742.90467,16823302846.262337,0.6260070303006617,115196041.74709532,650841.0,0.0,0,0.0,0.0
2017-07-30,2705.64,16479164,44586687436.76404,17196581043.15704,0.614311310577929,58814239.66704143,574465.0,0.0,0,0.0,0.0
2017-07-31,2787.33,16480977,45937922444.51736,17704777824.729633,0.6145934147084469,200697470.3959558,710260.0,0.0,0,0.0,0.0
2017-08-01,2796.22,16482839,46089646292.4226,17890666811.218147,0.611828940979322,33832036.65219846,480718.0,0.0,0,0.0,0.0
2017-08-02,2723.7,16484739,44899485780.46722,18045290294.034016,0.5980958360577857,37872995.54388427,595251.0,0.0,0,0.0,0.0
2017-08-03,2759.01,16486464,45486321234.88937,18269493449.86256,0.59835192308651,51499976.15733441,599416.0,0.0,0,0.0,0.0
2017-08-04,2832.82,16488702,46709525636.1807,18656041200.602734,0.6005945051569532,99747813.17224894,669245.0,0.0,0,0.0,0.0
2017-08-05,3140.74,16490914,51793675734.20045,19030392918.248466,0.6325730381463871,57817847.08302237,662040.0,0.0,0,0.0,0.0
2017-08-06,3224.24,16492664,53176309539.60826,19419803473.422707,0.6348034746759192,64822809.73919895,542263.0,0.0,0,0.0,0.0
2017-08-07,3303.19,16494577,54484722776.07245,19851653495.762928,0.6356473432497487,31703138.03820842,686861.0,0.0,0,0.0,0.0
2017-08-08,3423.79,16496627,56480987567.38601,20203713738.67669,0.6422917762446672,39400496.86255173,793854.0,0.0,0,0.0,0.0
2017-08-09,3357.67,16498352,55396022551.37057,20435354796.596478,0.6311042949401992,28988681.49917395,710242.0,0.0,0,0.0,0.0
2017-08-10,3405.78,16500027,56195462961.7976,20633345594.93336,0.6328289775108682,16053501.331668006,736567.0,0.0,0,0.0,0.0
2017-08-11,3524.95,16501827,58168116124.57887,20861507392.026516,0.6413583801244765,15568572.768666962,741169.0,0.0,0,0.0,0.0
2017-08-12,3786.2,16503514,62485607717.97682,21155727068.56084,0.6614304022768681,23595584.687902905,697206.0,0.0,0,0.0,0.0
2017-08-13,4038.15,16505364,66651138848.15346,21445469380.551964,0.6782430165310506,22440594.9597401,709669.0,0.0,0,0.0,0.0
2017-08-14,4186.11,16506989,69100075052.01651,21832724767.9128,0.6840419528997941,17959219.356456734,692104.0,0.0,0,0.0,0.0
2017-08-15,4186.16,16508889,69108854105.50627,22047592439.975613,0.6809729704631441,16126544.743232729,825387.0,0.0,0,0.0,0.0
2017-08-16,4181.12,16510514,69032443620.93794,22321012431.491093,0.6766591002622281,12897801.902592216,691449.0,0.0,0,0.0,0.0
2017-08-17,4357.95,16512752,71961748865.3164,22638210841.573948,0.685413275823193,20335152.57959297,879024.0,0.0,0,0.0,0.0
2017-08-18,4236.73,16514614,69967963941.70476,22805619871.782444,0.6740562596507251,26558468.690774903,763319.0,0.0,0,0.0,0.0
2017-08-19,4092.36,16516502,67591473333.20684,23080969676.646225,0.6585224653579664,29577110.143572755,721026.0,0.0,0,0.0,0.0
2017-08-20,4106.8,16518127,67836645176.35102,23361488236.61706,0.6556214096984669,35907293.72566403,621899.0,0.0,0,0.0,0.0
2017-08-21,4037.95,16519564,66705176665.1944,23485229924.90029,0.6479249272844745,15682847.086283816,637529.0,0.0,0,0.0,0.0
2017-08-22,3937.33,16520677,65047358335.11599,23687685301.450047,0.6358393959764821,26679568.355702497,532361.0,0.0,0,0.0,0.0
2017-08-23,4159.3,16522664,68722719683.10127,23918359966.17155,0.6519584778299597,30594094.1326065,846625.0,0.0,0,0.0,0.0
2017-08-24,4205.17,16523927,69485923344.3868,24088502989.22925,0.6533326200496526,14024330.751837283,550862.0,0.0,0,0.0,0.0
2017-08-25,4371.44,16525189,72238875678.77672,24244050380.5135,0.6643905355293862,14321116.436763337,580873.0,0.0,0,0.0,0.0
2017-08-26,4327.32,16526502,71515463912.50798,24383161209.918087,0.6590505063387626,13340870.316557843,620764.0,0.0,0,0.0,0.0
2017-08-27,4350.76,16528439,71911274723.80988,24504068866.814487,0.6592458003153548,13832520.603851153,767714.0,0.0,0,0.0,0.0
2017-08-28,4318.87,16530052,71391146956.61267,24681631057.361332,0.6542760256763858,12359695.855083251,657289.0,0.0,0,0.0,0.0
2017-08-29,4472.1,16531914,73932376156.07187,25021564007.07501,0.6615614794490808,27828606.310908128,802531.0,0.0,0,0.0,0.0
2017-08-30,4586.83,16534014,75838715083.53691,25224665151.773327,0.6673906576082127,21203256.57608873,804606.0,0.0,0,0.0,0.0
2017-08-31,4689.86,16536052,77551770217.64691,25558564233.618835,0.6704322266030881,20879957.72075412,802342.0,0.0,0,0.0,0.0
2017-09-01,4830.77,16538227,79892372271.32799,25889420987.01658,0.6759462730798413,18059558.729157925,787641.0,0.0,0,0.0,0.0
2017-09-02,4691.61,16540277,77600530361.4137,26035756326.795853,0.6644899692626077,13638788.719011532,700573.0,0.0,0,0.0,0.0
2017-09-03,4606.56,16542202,76202647405.44823,26163350681.285313,0.6566608697716357,14658214.055287529,590837.0,0.0,0,0.0,0.0
2017-09-04,4406.53,16544389,72903349964.69388,26304608579.814056,0.6391851870654363,18699633.02528909,758033.0,0.0,0,0.0,0.0
2017-09-05,4317.53,16546852,71441531190.53697,26444550094.769608,0.6298434586425492,12063157.477159172,789682.0,0.0,0,0.0,0.0
2017-09-06,4571.43,16548877,75652034134.06425,26645488431.21184,0.6477888699728428,13765601.139572108,780740.0,0.0,0,0.0,0.0
2017-09-07,4608.27,16551077,76271832967.6232,26961068479.34024,0.6465134318879552,14952431.928119292,773169.0,0.0,0,0.0,0.0
2017-09-08,4506.35,16553264,74594804810.31097,26983914922.768803,0.6382601309650601,6951204.064033712,831233.0,0.0,0,0.0,0.0
2017-09-09,4328.8,16555377,71664917235.90503,27030710040.22174,0.6228180945044194,7239492.021504568,631540.0,0.0,0,0.0,0.0
2017-09-10,4225.39,16557102,69960214467.54782,27156548641.891518,0.6118286822221146,10344442.204222504,562566.0,0.0,0,0.0,0.0
2017-09-11,4240.87,16559277,70225742303.32909,27205867369.601048,0.6125940933156738,11527568.129059833,740040.0,0.0,0,0.0,0.0
2017-09-12,4282.63,16561627,70927321903.68092,27253524591.48644,0.6157542134680253,8023966.0849833265,715977.0,0.0,0,0.0,0.0
2017-09-13,3944.73,16564002,65340516774.348236,27194376976.14638,0.5838052969482711,12375081.226754108,723604.0,0.0,0,0.0,0.0
2017-09-14,3640.75,16566177,60313309987.872215,26970499358.424316,0.5528267414962379,14611120.732761022,778850.0,0.0,0,0.0,0.0
2017-09-15,3433.1,16568427,56881067747.50267,27090056803.65377,0.5237421188380708,26319421.23641839,839597.0,0.0,0,0.0,0.0
2017-09-16,3745.81,16570539,62070093670.641685,27146315036.105083,0.5626506513724673,11673896.26334986,651462.0,0.0,0,0.0,0.0
2017-09-17,3669.81,16572739,60818806228.1987,27168187497.06257,0.5532929831748981,7810005.699975714,592822.0,0.0,0,0.0,0.0
2017-09-18,3963.83,16574327,65697815762.938515,27284959481.566628,0.584690005828799,7094316.452596647,677054.0,0.0,0,0.0,0.0
2017-09-19,3978.22,16576277,65944077861.71791,27332077919.468254,0.5855264216935063,9953114.991491,793721.0,0.0,0,0.0,0.0
2017-09-20,3949.0,16577739,65465494451.64918,27374181694.806385,0.5818532812728677,8927054.480829928,625106.0,0.0,0,0.0,0.0
2017-09-21,3795.01,16579939,62921037322.570564,27351278863.616608,0.5653078838577036,11535100.21144077,699463.0,0.0,0,0.0,0.0
2017-09-22,3629.04,16581677,60175570171.744225,27386445582.20905,0.5448909664827986,19063789.603866257,653300.0,0.0,0,0.0,0.0
2017-09-23,3726.96,16583752,61806981454.50024,27436988492.362835,0.5560859332280963,5729795.456425564,572873.0,0.0,0,0.0,0.0
2017-09-24,3703.95,16585564,61432102723.560326,27445229668.75707,0.5532428738072265,3731927.027650504,536331.0,0.0,0,0.0,0.0
2017-09-25,3827.74,16587127,63491210633.32081,27748665766.729645,0.5629526435243798,89149740.04420234,661983.0,0.0,0,0.0,0.0
2017-09-26,3922.64,16588852,65072095567.645004,27814254571.01194,0.5725624889074314,21188005.17184484,734006.0,0.0,0,0.0,0.0
2017-09-27,4039.1,16590689,67011455152.205925,27959560436.16929,0.5827644635881497,7850728.436397774,696320.0,0.0,0,0.0,0.0
2017-09-28,4191.24,16592902,69544835816.16322,28079448751.315502,0.5962396284097713,10691196.122092972,764653.0,0.0,0,0.0,0.0
2017-09-29,4157.21,16595014,68988961457.1791,28151227093.551723,0.5919459215076752,8677811.2987083,749352.0,0.0,0,0.0,0.0
2017-09-30,4286.64,16596739,71144248676.13509,28302740119.99647,0.6021781008773172,15350424.411610603,632166.0,0.0,0,0.0,0.0
2017-10-01,4317.24,16598364,71659124428.87134,28393090910.97519,0.6037756372650339,9464283.031174218,627850.0,0.0,0,0.0,0.0
2017-10-02,4413.27,16600239,73261340281.41423,28546399102.75012,0.6103483912101988,18371132.46571033,818801.0,0.0,0,0.0,0.0
2017-10-03,4319.0,16602527,71706315388.41107,28633542961.832504,0.6006831084998107,11123659.2437099,789969.0,0.0,0,0.0,0.0
2017-10-04,4259.28,16604202,70721946752.3356,28689370765.727306,0.5943356753710991,8311932.153054066,642436.0,0.0,0,0.0,0.0
2017-10-05,4262.02,16605764,70774101672.87474,28892938451.0796,0.5917583159921157,46079250.83199013,731053.0,0.0,0,0.0,0.0
2017-10-06,4362.09,16607752,72444510209.81564,28989374890.68006,0.5998402804198649,10791358.62706508,823148.0,0.0,0,0.0,0.0
2017-10-07,4356.96,16609727,72367917436.54074,29079506847.365555,0.5981712908504614,10442108.363006037,675356.0,0.0,0,0.0,0.0
2017-10-08,4498.82,16612002,74734408166.15234,29224308894.617134,0.6089577798001082,21363140.6468766,693180.0,0.0,0,0.0,0.0
2017-10-09,4648.56,16614014,77231244616.85094,29512259838.45314,0.6178714976708544,28077655.34862112,804344.0,0.0,0,0.0,0.0
2017-10-10,4822.05,16616014,80123254143.68794,29711828986.778492,0.6291734615085006,14685647.957264489,830235.0,0.0,0,0.0,0.0
2017-10-11,4798.24,16617752,79735963773.41179,29833480989.23762,0.6258466120254548,8268483.305012047,785188.0,0.0,0,0.0,0.0
2017-10-12,5117.94,16619664,85058447242.46996,30148700164.684505,0.6455531326742682,13179806.555431204,787272.0,0.0,0,0.0,0.0
2017-10-13,5626.02,16621364,93512130765.66722,30580871808.2188,0.6729742808999654,25774981.808436967,822103.0,0.0,0,0.0,0.0
2017-10-14,5673.4,16623127,94309650397.16862,30815110672.98149,0.6732560184115938,10196685.96628476,802715.0,0.0,0,0.0,0.0
2017-10-15,5625.45,16625564,93526283477.73389,31010994698.481045,0.6684248155133424,23250147.42448549,830841.0,0.0,0,0.0,0.0
2017-10-16,5674.31,16627739,94350950197.88237,31300296154.65394,0.6682566938752839,35408245.37801299,854172.0,0.0,0,0.0,0.0
2017-10-17,5625.56,16629789,93551880280.86137,31513832338.57543,0.6631405777845979,18114718.43076104,878772.0,0.0,0,0.0,0.0
2017-10-18,5408.94,16631677,89959744589.65295,31683425844.132587,0.6478044041959544,10409314.0296546,822776.0,0.0,0,0.0,0.0
2017-10-19,5652.65,16633902,94025627809.5411,31987695802.080006,0.6597981151811666,38415604.48661292,914723.0,0.0,0,0.0,0.0
2017-10-20,5785.85,16636139,96254209434.6504,32227925660.730427,0.6651790519082613,10042792.748388471,854048.0,0.0,0,0.0,0.0
2017-10-21,6073.99,16638052,101059363261.14383,32415114055.560654,0.6792468009936107,7943787.886613328,809071.0,0.0,0,0.0,0.0
2017-10-22,5917.64,16640327,98471466415.7733,32726662323.148884,0.6676533465545439,25089098.34735648,909573.0,0.0,0,0.0,0.0
2017-10-23,5882.49,16642464,97899132733.71841,33321849573.567818,0.6596307991389273,31215290.34678051,881597.0,0.0,0,0.0,0.0
2017-10-24,5666.83,16644552,94321848283.5885,33516242322.021694,0.6446608825852139,19532950.479058925,962656.0,0.0,0,0.0,0.0
2017-10-25,5556.99,16646864,92506461198.84749,33719917753.62467,0.6354858102166298,22925119.075262967,926100.0,0.0,0,0.0,0.0
2017-10-26,5829.88,16649114,97062341362.83755,33889552607.684044,0.6508475673279049,8241399.368485914,738100.0,0.0,0,0.0,0.0
2017-10-27,5829.28,16650414,97059929957.96037,34046198226.403694,0.6492249866536052,8931342.656602832,675820.0,0.0,0,0.0,0.0
2017-10-28,5758.09,16651477,95880704899.3078,34132459594.733845,0.644011173774962,5774932.055084922,557169.0,0.0,0,0.0,0.0
2017-10-29,5880.02,16653402,97922338564.42403,34354566717.85268,0.6491651729165916,10268782.81266391,924869.0,0.0,0,0.0,0.0
2017-10-30,6124.97,16655239,102012844089.03334,34588382615.213524,0.6609409048038504,12870849.73498588,895467.0,0.0,0,0.0,0.0
2017-10-31,6248.49,16656964,104080877953.79909,34862992430.672485,0.6650394086207846,13075383.647305245,833764.0,0.0,0,0.0,0.0
2017-11-01,6528.32,16658914,108754726636.46857,35314915939.99303,0.6752792542246074,36166016.317287125,967634.0,0.0,0,0.0,0.0
2017-11-02,6975.44,16660789,116216339569.74417,35905773902.614914,0.691043668768564,18744539.22798316,922062.0,0.0,0,0.0,0.0
2017-11-03,7249.21,16662277,120788347191.87912,36311145355.59048,0.6993820496781186,19142411.48214229,821734.0,0.0,0,0.0,0.0
2017-11-04,7271.87,16663902,121177731184.14067,36644842727.33858,0.6975942496261679,9934918.051237872,805930.0,0.0,0,0.0,0.0
2017-11-05,7474.32,16665664,124564511692.82463,37005750272.90866,0.7029189953863856,38329710.2715762,808762.0,0.0,0,0.0,0.0
2017-11-06,7264.25,16667327,121075632304.90047,37215781680.32409,0.6926236851144011,9198084.782021765,829421.0,0.0,0,0.0,0.0
2017-11-07,7138.71,16669277,118997136520.7482,37545582422.135315,0.6844833117846587,17515383.044884536,947186.0,0.0,0,0.0,0.0
2017-11-08,7388.72,16671077,123177922233.34676,37887428500.29677,0.6924170515839414,16843209.38686787,866204.0,0.0,0,0.0,0.0
2017-11-09,7256.26,16672989,120983548932.061,38249748084.85061,0.6838433950525787,15260296.392341154,949958.0,0.0,0,0.0,0.0
2017-11-10,6956.77,16674489,116000590373.26588,38467944446.09843,0.668381477005276,24377176.1463568,798478.0,0.0,0,0.0,0.0
2017-11-11,6541.41,16675489,109081215701.88907,38683023148.24261,0.6453741104796589,39600895.66503089,580285.0,0.0,0,0.0,0.0
2017-11-12,6090.59,16676489,101569661982.37085,39355759666.828026,0.612524459580668,186269655.0153729,600267.0,0.0,0,0.0,0.0
2017-11-13,6336.16,16678239,105675995861.40326,39865763006.053696,0.6227547923150054,33114049.825581424,922985.0,0.0,0,0.0,0.0
2017-11-14,6588.02,16679839,109887118168.24812,40116408254.697205,0.6349307459926742,19723795.62479757,820592.0,0.0,0,0.0,0.0
2017-11-15,7045.16,16681739,117525525936.27266,40682448232.940926,0.6538415981648047,19387876.53961104,954914.0,0.0,0,0.0,0.0
2017-11-16,7469.1,16683639,124611773995.09317,41380908832.88564,0.6679213568172531,35556994.0548744,907546.0,0.0,0,0.0,0.0
2017-11-17,7839.48,16685727,130807425416.97725,42071032493.14977,0.6783742791432584,25303315.661913205,996197.0,0.0,0,0.0,0.0
2017-11-18,7705.6,16687427,128586639766.68219,42412999172.51883,0.6701601406687635,14711984.819318991,853524.0,0.0,0,0.0,0.0
2017-11-19,7835.28,16689427,130766335898.33699,42789447164.91307,0.6727793367386289,11523022.824758248,912452.0,0.0,0,0.0,0.0
2017-11-20,8116.26,16691614,135473485498.52106,43350060434.95212,0.6800107395522398,31368938.710607957,993656.0,0.0,0,0.0,0.0
2017-11-21,8189.3,16693777,136710350404.41995,43893863872.88394,0.6789280128166154,18431748.087172117,1002106.0,0.0,0,0.0,0.0
2017-11-22,8220.56,16695627,137247405918.6711,44237496986.76314,0.677680633082588,9561249.358958842,875893.0,0.0,0,0.0,0.0
2017-11-23,8198.93,16697589,136902369900.39871,44503001152.78223,0.6749289206230709,12062339.639990268,964629.0,0.0,0,0.0,0.0
2017-11-24,8191.12,16699452,136787217685.0974,45085975798.7789,0.6703933557404984,25870420.840707656,917417.0,0.0,0,0.0,0.0
2017-11-25,8484.86,16701402,141709060279.31955,45755642848.655876,0.6771156144958694,18080409.953794736,945295.0,0.0,0,0.0,0.0
2017-11-26,9068.15,16703314,151468164061.02145,46488851638.60082,0.6930783975180947,24780698.504944406,942272.0,0.0,0,0.0,0.0
2017-11-27,9618.6,16705439,160682943215.09567,47364116111.05787,0.7052324586334304,19093129.027593285,1064910.0,0.0,0,0.0,0.0
2017-11-28,9872.58,16707389,164945042345.30658,48464072676.680725,0.7061804829803681,25485953.63800487,1030379.0,0.0,0,0.0,0.0
2017-11-29,10456.81,16709552,174728613537.03354,49376796878.85325,0.7174086380054295,25192000.51725831,1136365.0,0.0,0,0.0,0.0
2017-11-30,9947.53,16711639,166239538212.95734,50021643731.6565,0.6990989973301212,16241126.860806027,1089772.0,0.0,0,0.0,0.0
2017-12-01,10234.58,16713927,171060026017.94867,50854259090.649796,0.7027110291371413,18098577.60927475,1149321.0,0.0,0,0.0,0.0
2017-12-02,10977.6,16715939,183500900696.90372,51567618727.04395,0.718978933993243,15450160.602932105,965635.0,0.0,0,0.0,0.0
2017-12-03,11309.87,16718139,189079987726.68863,52088176331.55918,0.724517771775765,13455995.030690392,1032301.0,0.0,0,0.0,0.0
2017-12-04,11387.27,16720402,190399735445.21997,52916675984.03527,0.7220758954296973,15546545.2138925,1154127.0,0.0,0,0.0,0.0
2017-12-05,11718.61,16722627,195965947448.99524,53730461060.266754,0.7258173587824417,15312075.985496333,1162235.0,0.0,0,0.0,0.0
2017-12-06,12693.14,16724977,212292478306.08554,55548609196.43254,0.7383392495124488,21849411.58366471,1243969.0,0.0,0,0.0,0.0
2017-12-07,15027.25,16726877,251358966835.82217,60364173205.8253,0.7598487375815289,87427015.34938085,1074279.0,0.0,0,0.0,0.0
2017-12-08,15706.98,16728827,262759355750.75757,62725946855.51032,0.7612798726945825,34219208.20431143,1129057.0,0.0,0,0.0,0.0
2017-12-09,15088.79,16731002,252450580123.32504,63519284825.138985,0.7483892301055158,16040687.163171016,1192760.0,0.0,0,0.0,0.0
2017-12-10,14404.75,16733052,241035435050.74686,64613722124.20692,0.7319326840445541,19371298.261615187,1081860.0,0.0,0,0.0,0.0
2017-12-11,16465.9,16735189,275559961650.45795,66316358451.12432,0.7593396440690275,15858213.290319333,1157672.0,0.0,0,0.0,0.0
2017-12-12,16910.18,16737139,283028046623.71454,68836475222.60512,0.7567856753287666,42259516.51107831,1101611.0,0.0,0,0.0,0.0
2017-12-13,16750.04,16739464,280386704899.89496,70222685890.80873,0.7495505861596399,21531225.481310237,1266277.0,0.0,0,0.0,0.0
2017-12-14,16477.83,16741777,275868160169.8409,71277023713.78409,0.7416264940836169,17324913.76500777,1289172.0,0.0,0,0.0,0.0
2017-12-15,17489.61,16743889,292844102402.7924,72698149703.13477,0.7517513615379486,20107547.32680391,1186295.0,0.0,0,0.0,0.0
2017-12-16,18287.45,16746027,306242136861.45026,74225171944.94478,0.757625868518134,11075964.663239006,1142998.0,0.0,0,0.0,0.0
2017-12-17,19325.94,16748339,323677409983.5972,75846320455.51227,0.7656731112024288,42039163.66102508,1182589.0,0.0,0,0.0,0.0
2017-12-18,18726.15,16750614,313674525249.0238,76999307364.68317,0.7545248301450237,16112451.916134782,1204506.0,0.0,0,0.0,0.0
2017-12-19,18273.21,16752364,306119479901.14014,77697687628.58182,0.7461850919984775,14480757.019033538,1054026.0,0.0,0,0.0,0.0
2017-12-20,16811.29,16754064,281657441952.59393,78933779507.1442,0.7197525513264101,48195586.611765206,1030900.0,0.0,0,0.0,0.0
2017-12-21,16247.05,16755714,272230936064.99332,79325611443.32425,0.7086091221300955,13344059.32371456,1006303.0,0.0,0,0.0,0.0
2017-12-22,13710.74,16757652,229759813631.2737,79636525602.35072,0.6533922780327716,29715720.722743437,1118979.0,0.0,0,0.0,0.0
2017-12-23,14815.85,16759389,248304605298.70868,80092757653.20853,0.6774415135923174,16474583.817452297,989778.0,0.0,0,0.0,0.0
2017-12-24,13684.75,16761289,229374060526.24387,80374805727.6157,0.6495906924121457,13541299.644760087,1028472.0,0.0,0,0.0,0.0
2017-12-25,13984.78,16762977,234426549619.77798,80547611136.25482,0.656405764334727,10704242.04251951,884229.0,0.0,0,0.0,0.0
2017-12-26,15246.7,16764752,255607148820.7641,81429810980.83986,0.6814259250708995,16116236.10946849,917770.0,0.0,0,0.0,0.0
2017-12-27,15696.39,16766702,263176698240.93793,82405514297.59789,0.6868814190299031,19051438.55972475,1036878.0,0.0,0,0.0,0.0
2017-12-28,14362.3,16768564,240835158159.54996,82607923380.97717,0.6569939206041895,10682527.835320735,1008308.0,0.0,0,0.0,0.0
2017-12-29,14633.07,16770627,245405763156.04858,83094904306.39267,0.6613979099848837,16889352.940089997,1100149.0,0.0,0,0.0,0.0
2017-12-30,13376.91,16772452,224363584833.53342,83455765567.89612,0.6280333743561098,27125073.0531148,1014272.0,0.0,0,0.0,0.0
2017-12-31,13413.33,16774489,225001767206.0033,83830500802.80234,0.6274229227450902,25099516.46901308,1011390.0,0.0,0,0.0,0.0
2018-01-01,13545.61,16776439,227247110655.6257,83841389790.1477,0.631056300129587,9749653.805982905,971215.0,0.0,0,0.0,0.0
2018-01-02,13957.15,16778577,234181120097.1088,84625023545.6967,0.6386343036082289,23317373.702847064,1147833.0,0.0,0,0.0,0.0
2018-01-03,15058.54,16780539,252690429729.13028,85096965862.42,0.6632362929073369,11993533.844054157,1138158.0,0.0,0,0.0,0.0
2018-01-04,14909.96,16782639,250228488042.34445,85867140465.01773,0.6568450653368971,14383720.818105068,1261665.0,0.0,0,0.0,0.0
2018-01-05,15877.96,16784427,266502465217.6838,87465181146.9103,0.6718034819097556,25550713.158262447,1074215.0,0.0,0,0.0,0.0
2018-01-06,16711.77,16786527,280532583257.778,88450203023.40198,0.6847061328982019,14863348.837246068,1178753.0,0.0,0,0.0,0.0
2018-01-07,16525.11,16788552,277432673420.58734,89569238357.3114,0.6771496404768279,89419012.12812486,1133382.0,0.0,0,0.0,0.0
2018-01-08,15324.56,16790627,257308975424.46472,89538737593.75392,0.6520185996386326,8505265.351903431,1165435.0,0.0,0,0.0,0.0
2018-01-09,14909.24,16792677,250366056038.18066,89772043451.71559,0.6414368430278528,12391499.046682997,1156807.0,0.0,0,0.0,0.0
2018-01-10,14223.56,16794752,238881166957.33926,90150317266.55571,0.6226143801338042,11182249.706984978,1131299.0,0.0,0,0.0,0.0
2018-01-11,13740.14,16797164,230795395890.49527,90194644394.77235,0.6092008506202319,19704975.825927317,1230730.0,0.0,0,0.0,0.0
2018-01-12,13703.72,16799389,230214133925.65045,90591060674.66437,0.6064921856452068,20856908.911721297,1158813.0,0.0,0,0.0,0.0
2018-01-13,14266.24,16801252,239690697545.30267,90884921884.60219,0.6208241587372222,10081902.01221264,948768.0,0.0,0,0.0,0.0
2018-01-14,13732.3,16803189,230746443226.00012,91024672871.1533,0.6055207976402004,10908095.03029304,972468.0,0.0,0,0.0,0.0
2018-01-15,13854.32,16805064,232822745294.82263,91089359512.43681,0.6087609078009509,7463449.852693101,959309.0,0.0,0,0.0,0.0
2018-01-16,12134.31,16807052,203941982737.38345,90630631674.67143,0.5556058127012686,17661853.299676638,1006185.0,0.0,0,0.0,0.0
2018-01-17,10624.43,16809139,178587529115.38068,90481533783.37245,0.49334909200230476,26703756.479402278,1097689.0,0.0,0,0.0,0.0
2018-01-18,11486.22,16811302,193098316650.3224,90337688579.71161,0.5321673945853076,8449833.128814293,1060979.0,0.0,0,0.0,0.0
2018-01-19,11502.42,16813364,193394383488.75626,90355077060.98778,0.5327936859849866,11217131.83483807,1033373.0,0.0,0,0.0,14189.9354
2018-01-20,12464.23,16815589,209593378794.27386,90603756631.6591,0.5677165130269162,8925978.454492876,979236.0,0.0,0,0.0,16665.43779
2018-01-21,11924.43,16817927,200544196777.89587,90387481139.62396,0.5492889717485631,8127639.51580716,991753.0,0.0,0,0.0,17442.47445
2018-01-22,11150.57,16820014,187552752376.02988,90222066027.02716,0.5189509890735255,16113618.171107529,951619.0,0.0,0,0.0,18587.59044
2018-01-23,10731.93,16822227,180534965777.25046,90055865792.36842,0.5011721668173572,11129757.65841207,937619.0,0.0,0,0.0,24826.12561
2018-01-24,11013.89,16824427,185302391543.43326,90084052037.35104,0.5138538078919713,8155032.884436836,953050.0,0.0,0,0.0,30134.71419
2018-01-25,11308.23,16826402,190276827227.7819,90070626738.8462,0.526633757504155,9210038.890423218,847796.0,0.0,0,0.0,33939.54698
2018-01-26,11020.89,16828339,185463281766.62537,90276616197.43137,0.5132372546333487,16514009.228779612,813618.0,0.0,0,0.0,35130.21758
2018-01-27,11239.26,16830302,189160143375.47507,90374281203.12093,0.5222340203891064,7099796.297540215,876974.0,0.0,0,0.0,40136.48469
2018-01-28,11674.98,16832277,196516500777.08322,90806229273.51224,0.5379205872563471,17744583.302213993,777053.0,0.0,0,0.0,42993.10845
2018-01-29,11312.76,16834127,190440441901.17963,90769199145.94743,0.5233722509788757,8108278.158839386,785522.0,0.0,0,0.0,41300.25193
2018-01-30,10678.52,16836214,179785856415.90848,90230706182.1839,0.498121220540017,9624232.8462605,845783.0,0.0,0,0.0,42097.81698
2018-01-31,10035.43,16837677,168973331859.5739,90137879154.45334,0.46655559097714394,14627626.417223977,681635.0,0.0,0,0.0,40090.27003
2018-02-01,9559.06,16839677,160971485646.41174,89753220216.99026,0.4424278321308332,22506751.41749557,848865.0,30.0,Fear,0.0,38494.77528
2018-02-02,8612.59,16841777,145051322715.72903,89102141610.90201,0.38571989594659534,15122570.9701863,859632.0,15.0,Extreme Fear,0.0,36200.17144
2018-02-03,8933.79,16843752,150478545818.22946,89011444779.02611,0.4084775055804469,8229230.082923984,722943.0,40.0,Fear,0.0,36972.85374
2018-02-04,8747.4,16845977,147358501792.90845,89017333004.56073,0.39591315111453823,93944641.3766747,727585.0,24.0,Extreme Fear,0.0,39407.64214
2018-02-05,7630.57,16848289,128562054663.3176,88249836879.26576,0.31356233291092583,39046637.82871036,910410.0,11.0,Extreme Fear,0.0,41452.51863
2018-02-06,6817.97,16850414,114885622561.90732,88099745891.23091,0.23315255706816193,35703473.748701185,1007028.0,8.0,Extreme Fear,0.0,36978.61467
2018-02-07,7901.75,16852177,133161691943.13188,87753941631.29684,0.3409970964564411,9800719.948542744,819765.0,36.0,Fear,0.0,44531.95791
2018-02-08,8226.52,16853814,138648244489.82626,87658182540.20293,0.36776565139535455,28686153.001797646,750412.0,30.0,Fear,0.0,45871.96659
2018-02-09,8271.16,16855502,139414556364.78842,87657744104.69864,0.371243961962367,5486338.70729028,778811.0,44.0,Fear,0.0,46426.41664
2018-02-10,8650.82,16857289,145829379706.97177,87628665480.03012,0.3991014317134835,5652427.833941374,746239.0,54.0,Neutral,0.0,48970.29949
2018-02-11,8200.05,16859177,138246096780.31967,87554641101.16605,0.3666754929052718,9103650.96304344,821981.0,31.0,Fear,0.0,48129.48191
2018-02-12,8630.1,16861252,145514293433.6632,87679696916.25034,0.39744959173909883,8565802.24909733,918494.0,42.0,Fear,0.0,51395.44602
2018-02-13,8621.54,16863302,145387635271.01544,87553809490.59688,0.39779053887637134,4648632.25537323,856261.0,35.0,Fear,0.0,50696.82274
2018-02-14,9024.1,16865539,152196317666.76114,87791798317.35928,0.4231673954846771,6110541.502263152,941608.0,55.0,Greed,0.0,50879.30805
2018-02-15,9805.86,16867177,165397179152.8844,88146639000.66632,0.4670608080976506,10437942.21838682,792480.0,71.0,Greed,703.0,56299.38182
2018-02-16,10028.35,16869139,169169638066.19055,88299433123.59175,0.47804207579469393,7601586.335899274,777060.0,67.0,Greed,703.0,48268.81152
2018-02-17,10684.1,16871002,180251475623.20813,88527371126.88863,0.50886742635082,3322270.67332339,773685.0,74.0,Greed,703.0,49403.88257
2018-02-18,10728.23,16873027,181017717620.24966,88611683286.11531,0.5104806068099341,6741850.846579269,733485.0,63.0,Greed,703.0,49870.35325
2018-02-19,10871.86,16875052,183463206047.17355,88890776054.3025,0.5154844506999067,4316712.329488483,853281.0,67.0,Greed,703.0,50857.76692
2018-02-20,11508.63,16876814,194229017057.6263,89228372205.44287,0.540602256258294,10511464.399950448,718120.0,74.0,Greed,703.0,53227.37888
2018-02-21,10794.55,16878927,182200424635.4739,89274479722.57504,0.5100204628985615,6470575.03098485,709530.0,54.0,Neutral,703.0,44491.76646
2018-02-22,10275.42,16880789,173457205078.41516,90365342252.48227,0.4790337927350402,75241162.48875037,717202.0,44.0,Fear,826.0,41571.99487
2018-02-23,10015.34,16882639,169085377647.4537,90503188933.40163,0.46474857736011604,7483658.967436676,743339.0,39.0,Fear,826.0,37936.03387
2018-02-24,9937.68,16884452,167792283885.95074,90424656974.46141,0.4610916850269259,6034204.781704718,707478.0,31.0,Fear,826.0,33405.75559
2018-02-25,9607.3,16886589,162234534140.37973,90418988893.02109,0.4426649703645554,4385932.735607471,531590.0,33.0,Fear,826.0,32939.81783
2018-02-26,9912.26,16888352,167401738922.60425,90546189077.02835,0.4591084318491395,4659391.179706688,675606.0,37.0,Fear,826.0,39722.94735
2018-02-27,10555.07,16890352,178278850801.54562,90700262512.01923,0.49124496762106745,6170032.716424219,720090.0,44.0,Fear,826.0,41805.11091
2018-02-28,10626.22,16892289,179501187668.59842,90828441526.4088,0.4939953172114964,16060773.695732668,809779.0,41.0,Fear,826.0,41519.06822
2018-03-01,10654.46,16894352,180000200756.16766,91055261941.25739,0.4941379978536641,8184962.123652014,824240.0,38.0,Fear,902.0,42312.02974
2018-03-02,10993.08,16896302,185742402836.4017,91209063746.67618,0.5089486172577872,5098314.595480114,752596.0,47.0,Neutral,902.0,46894.35139
2018-03-03,11347.04,16898552,191748548836.8456,91339316669.19667,0.5236505453456382,5363679.940071838,935002.0,56.0,Greed,902.0,50894.78792
2018-03-04,11252.28,16900402,190168058739.3431,91537381921.13066,0.5186500691654121,4704427.932776095,805403.0,44.0,Fear,902.0,51362.93357
2018-03-05,11519.26,16902264,194701582765.89194,91851751230.45534,0.528243428093251,7783346.672202571,854266.0,55.0,Greed,902.0,53120.18033
2018-03-06,11031.84,16904214,186484592947.36746,91873772449.17465,0.5073385366741547,5722258.579640485,845625.0,59.0,Greed,902.0,50734.66757
2018-03-07,10419.22,16906177,176149180598.7216,91651491622.42708,0.47969390881689833,5877432.03262059,928851.0,37.0,Fear,902.0,48788.17952
2018-03-08,9720.42,16908202,164354827755.2669,91451580762.91101,0.4435722880067309,4095718.253589423,920570.0,39.0,Fear,970.0,44275.67358
2018-03-09,8916.99,16910027,150786544291.90512,91004618397.67822,0.3964672456349691,10540115.941246629,887960.0,37.0,Fear,970.0,40457.6263
2018-03-10,9247.17,16911777,156386079651.7668,90844900422.73906,0.41909855004340396,4229664.398283441,814934.0,39.0,Fear,970.0,37786.26091
2018-03-11,9062.5,16913689,153280313769.894,90957684339.07054,0.4065925225360828,7406632.142295145,888958.0,40.0,Fear,970.0,35678.16315
2018-03-12,9446.25,16915702,159789952806.96487,90876562336.54434,0.43127486590894565,5138370.102691309,851084.0,41.0,Fear,970.0,37591.2111
2018-03-13,9161.52,16917677,154991638894.4245,90829578480.50769,0.41397110754872407,6781758.739370696,771468.0,41.0,Fear,970.0,35621.47506
2018-03-14,8775.32,16919477,148473827498.98016,90547158182.77332,0.3901473430837818,4846560.253576016,579629.0,40.0,Fear,970.0,30526.44885
2018-03-15,8117.23,16921277,137353899699.71706,90432142685.47957,0.3416121210742307,6708711.164844394,622464.0,32.0,Fear,1015.0,26363.97012
2018-03-16,8320.91,16923227,140816651233.72348,90336653213.78313,0.3584803187526103,7612964.953948366,598710.0,33.0,Fear,1015.0,25639.87332
2018-03-17,8089.28,16925089,136911790379.31346,90214952755.46243,0.3410724342620724,5107074.255865533,464245.0,31.0,Fear,1015.0,26807.17307
2018-03-18,7683.14,16926977,130052336336.60088,90192452842.43443,0.30649109902186816,5660700.406759146,539648.0,29.0,Fear,1015.0,26312.07953
2018-03-19,8354.8,16928914,141437697331.76117,90197456441.11235,0.3622813567903183,5281106.4384401245,588000.0,29.0,Fear,1015.0,35053.69715
2018-03-20,8619.11,16930502,145925861638.43158,90211422536.764,0.38179962397422235,3750864.731483706,574335.0,37.0,Fear,1015.0,38631.60143
2018-03-21,8986.65,16932402,152165573087.04562,90221975604.51646,0.40708023652035014,5474808.548807815,579292.0,36.0,Fear,1015.0,43259.84671
2018-03-22,8798.86,16934189,149001565222.2615,90150204612.55022,0.39497142544727193,5562926.644974641,600305.0,36.0,Fear,1043.0,45370.50528
2018-03-23,8541.93,16935852,144664864796.7681,90145266753.50946,0.3768682749598549,3255392.6758870413,629230.0,28.0,Fear,1043.0,44768.599
2018-03-24,8868.89,16937802,150219505398.73846,90168406651.40186,0.3997556681333669,4867612.0290201325,542035.0,32.0,Fear,1043.0,46636.05456
2018-03-25,8548.31,16939489,144804010012.03708,90065181123.1204,0.3780201175669542,4919287.471116428,446626.0,30.0,Fear,1043.0,45374.62001
2018-03-26,8226.23,16941364,139363563320.01776,89876163921.74113,0.3550956808175154,6000570.85974333,589103.0,31.0,Fear,1043.0,44797.41834
2018-03-27,7976.27,16943264,135144054688.78528,89748412029.83492,0.3359055843299147,4232002.685249308,608149.0,24.0,Extreme Fear,1043.0,48331.82677
2018-03-28,7927.13,16944952,134324839688.61937,89636249839.40067,0.3326904387365141,4217189.021628027,548051.0,24.0,Extreme Fear,1043.0,53979.08659
2018-03-29,7531.29,16946852,127631659223.04892,89310474186.33394,0.3002482712360961,8499506.049436534,570132.0,18.0,Extreme Fear,1407.0,52993.21676
2018-03-30,6896.84,16948877,116893694885.2976,89034534321.41357,0.23832902699517663,6525504.335525881,575601.0,12.0,Extreme Fear,1407.0,54568.91534
2018-03-31,7012.75,16950477,118869459652.5955,88984114570.12885,0.2514131482536281,4671694.501723702,483684.0,16.0,Extreme Fear,1407.0,60393.96999
2018-04-01,6811.21,16952502,115467053158.75131,88872034801.37715,0.2303256005053638,5296115.421098225,427489.0,16.0,Extreme Fear,1407.0,62799.00376
2018-04-02,6988.06,16954452,118478729906.67462,88815232352.51692,0.25036981386889917,3450311.521865546,498636.0,11.0,Extreme Fear,1407.0,62838.2715
2018-04-03,7337.19,16956489,124412987361.15672,88775215016.55888,0.28644736454358616,5663540.32718676,599016.0,22.0,Extreme Fear,1407.0,66902.20502
2018-04-04,7089.76,16958327,120230470525.10634,88596624915.3251,0.26311005414534666,3701261.5661580553,572121.0,22.0,Extreme Fear,1407.0,66255.56086
2018-04-05,6765.13,16960277,114738480738.73401,88485939585.7482,0.22880328364085914,5401041.95722369,539742.0,17.0,Extreme Fear,1604.0,63111.82172
2018-04-06,6656.71,16962002,112911130299.12788,88317729887.1946,0.21781201150656843,4068673.839538528,643506.0,19.0,Extreme Fear,1604.0,71164.54234
2018-04-07,6895.85,16964252,116982939190.52527,88268038497.47365,0.24546229468798736,5068498.651064211,504278.0,20.0,Extreme Fear,1604.0,76571.54956
2018-04-08,6997.47,16966264,118720928917.14836,88262492107.34132,0.2565549064315613,5606435.543299537,410502.0,17.0,Extreme Fear,1604.0,83851.10953
2018-04-09,6900.51,16968102,117088559569.72134,88117205996.84021,0.2474311211901954,4426729.209842302,549006.0,21.0,Extreme Fear,1604.0,81793.60375
2018-04-10,6785.49,16970152,115150798698.21626,88047672291.20999,0.23537072007669982,5368928.094552162,571412.0,18.0,Extreme Fear,1604.0,83277.73178
2018-04-11,6888.64,16972164,116915133295.47617,88018830419.57997,0.24715622401821516,12603062.762456313,543094.0,20.0,Extreme Fear,1604.0,84174.39936
2018-04-12,7344.38,16974089,124664165610.78491,88148238647.82506,0.2929143814828597,10189159.09629793,625416.0,18.0,Extreme Fear,1803.0,98677.63828
2018-04-13,7997.64,16976152,135769154642.96078,88235200326.83524,0.35010864169500105,9171713.312133197,654807.0,23.0,Extreme Fear,1803.0,103838.5946
2018-04-14,8013.29,16977864,136048554185.50717,88247009756.33578,0.35135650441380095,4612484.478664997,497549.0,0.0,0,1803.0,107304.7968
2018-04-15,8224.93,16979902,139658507785.65887,88303128358.23657,0.3677210951318487,4353762.446831293,591039.0,0.0,0,1803.0,114724.8815
2018-04-16,8083.22,16981664,137266532506.64232,88293938579.35457,0.356770095616118,4888756.9365946185,742491.0,0.0,0,1803.0,114402.8222
2018-04-17,8046.5,16983689,136659259937.859,88258627686.866,0.3541701621463594,6847596.925733037,613343.0,26.0,Fear,1803.0,116768.8802
2018-04-18,8063.28,16985689,136960372812.62407,88316520089.6143,0.3551673504098852,10270116.252880722,593728.0,24.0,Extreme Fear,1803.0,134811.8162
2018-04-19,8219.44,16987914,139631146385.0577,88610853261.06638,0.365393355600575,51949583.61119197,649807.0,25.0,Extreme Fear,1955.0,137304.2434
2018-04-20,8453.89,16989627,143628440295.44012,88802634308.8646,0.38171970588694143,15551209.1405658,658440.0,26.0,Fear,1955.0,138713.6356
2018-04-21,8811.07,16991614,149714307374.39938,88922453751.16797,0.40605239866090853,11537766.00515152,625491.0,32.0,Fear,1955.0,144152.9627
2018-04-22,8897.07,16993614,151193380386.79492,88982966831.97737,0.41146254813316513,6707396.280577471,515379.0,31.0,Fear,1955.0,147674.5477
2018-04-23,8899.31,16995527,151248466014.3114,89112910378.43498,0.41081775751693933,11874612.437637355,651279.0,28.0,Fear,1955.0,152821.8011
2018-04-24,9320.22,16997514,158420577345.42496,89392396207.81679,0.43572736758241365,9227476.70346254,783122.0,29.0,Fear,1955.0,152704.5154
2018-04-25,9224.06,16999052,156800278314.95917,89362735930.58202,0.4300856038591829,9284021.86093767,694533.0,64.0,Greed,1955.0,146910.7108
2018-04-26,8888.48,17000814,151111402291.70334,89644548771.8383,0.40676515860272594,27934777.815453984,666593.0,47.0,Neutral,2061.0,142140.582
2018-04-27,9217.62,17002589,156723411748.92746,89619694901.3521,0.42816651385229043,4362047.899963811,681912.0,55.0,Greed,2061.0,151798.4135
2018-04-28,9244.94,17004189,157202714406.13498,89704570274.67549,0.4293700931720382,2863870.53696133,580639.0,54.0,Neutral,2061.0,153798.966
2018-04-29,9358.85,17006164,159158145394.4673,89754844761.34996,0.43606502489146215,4558349.989858675,549012.0,61.0,Greed,2061.0,158922.4425
2018-04-30,9295.23,17008102,158094222698.31546,89829931352.57466,0.43179497758122803,7097838.749368927,648401.0,59.0,Greed,2061.0,156751.4072
2018-05-01,8993.58,17010077,152981490961.4391,89855305068.44609,0.4126393689606852,3173699.185772179,638057.0,56.0,Greed,2061.0,152291.3901
2018-05-02,9113.3,17011827,155033885690.23206,90064212331.92299,0.4190675675130969,18693838.83617617,689284.0,52.0,Neutral,2061.0,154392.1999
2018-05-03,9376.89,17013714,159535732126.87445,90213836382.55302,0.43452269168885377,5184196.621597621,670349.0,55.0,Greed,2180.0,157067.4572
2018-05-04,9661.22,17015439,164389907259.12128,90333546179.03658,0.4504921397841815,6558623.941178655,702444.0,56.0,Greed,2180.0,164066.787
2018-05-05,9833.24,17017452,167336692608.2083,90414691105.94559,0.45968400775293855,4768816.497548725,634526.0,63.0,Greed,2180.0,170205.5527
2018-05-06,9642.74,17019164,164111381138.2042,90441304759.6703,0.4489029089121712,4660186.674183551,539977.0,67.0,Greed,2180.0,170600.9909
2018-05-07,9352.53,17021039,159189785316.71103,90453851015.01678,0.43178608580282224,3879307.5149878394,667042.0,56.0,Greed,2180.0,168176.4893
2018-05-08,9267.95,17022777,157766248833.94293,90452258818.25015,0.42666914193126443,4067348.189011942,675731.0,62.0,Greed,2180.0,168948.494
2018-05-09,9197.15,17024777,156579430501.43594,90558495548.5283,0.4216450062532459,6424405.791225512,617853.0,53.0,Neutral,2180.0,169763.2905
2018-05-10,9270.71,17026702,157849619236.02792,90587253015.93741,0.42611674672154304,15308871.679942446,623605.0,63.0,Greed,2285.0,171966.6095
2018-05-11,8709.88,17028289,148314360722.2568,90467322215.9965,0.390029921745666,6580224.555520792,765655.0,41.0,Fear,2285.0,159584.6812
2018-05-12,8427.91,17030352,143530276413.0521,90472905405.43701,0.3696597842181139,2985193.46231825,594827.0,44.0,Fear,2285.0,156936.8987
2018-05-13,8553.57,17032202,145686134586.97903,90493061213.7751,0.37884918513128646,3387348.2549080118,488183.0,40.0,Fear,2285.0,160007.229
2018-05-14,8581.9,17033852,146182817013.0048,90978874784.74948,0.3776363279642109,40642853.18555681,641742.0,40.0,Fear,2285.0,163714.3753
2018-05-15,8640.73,17035677,147200687875.78708,90979311514.56462,0.3819369132885028,5994426.468698057,645896.0,40.0,Fear,2285.0,162876.9921
2018-05-16,8280.66,17037914,141085179528.81967,90887491969.211,0.35579702791783824,6086675.759282988,611010.0,32.0,Fear,2285.0,156327.1483
2018-05-17,8278.66,17039564,141064763488.2291,91204798510.83485,0.3534544257861725,52237056.02805086,635087.0,31.0,Fear,2351.0,157582.2422
2018-05-18,8105.39,17041414,138127313067.64807,91160172740.81522,0.3400279009541771,4747991.982724265,710771.0,37.0,Fear,2351.0,155207.8335
2018-05-19,8254.03,17043339,140676237970.57095,91192260062.14647,0.35175789900477994,3967053.1500867615,520662.0,31.0,Fear,2351.0,160934.0946
2018-05-20,8357.69,17045139,142457994415.75137,91234606664.10593,0.3595683623212777,4150261.570847212,480119.0,32.0,Fear,2351.0,162754.6352
2018-05-21,8453.93,17047102,144115009507.2757,91270136195.4312,0.3666854236246406,4880531.9662873,628005.0,41.0,Fear,2351.0,166834.1089
2018-05-22,8235.9,17048989,140413775055.0822,91196147391.12566,0.35051851319180916,4490959.085771269,593732.0,30.0,Fear,2351.0,165532.1227
2018-05-23,7788.86,17051014,132807967098.49287,91082148895.73625,0.3141815895112074,8196693.912717184,648114.0,26.0,Fear,2351.0,160801.9398
2018-05-24,7536.96,17052802,128526288787.5577,91096862852.40416,0.2912200008904091,11121207.924273882,576660.0,27.0,Fear,2398.0,156880.5801
2018-05-25,7488.3,17055002,127712973687.86858,91020082618.01405,0.28730746775603405,3393740.8171699806,624360.0,25.0,Extreme Fear,2398.0,155789.2811
2018-05-26,7495.52,17057027,127851289232.44061,90984848453.58281,0.28835407918204564,1811576.8569803769,472333.0,23.0,Extreme Fear,2398.0,157424.835
2018-05-27,7323.39,17059077,124930276073.5961,90957572023.56741,0.2719333144674671,2635824.468560146,447062.0,19.0,Extreme Fear,2398.0,153290.9363
2018-05-28,7254.85,17061027,123775193873.27654,90820325775.87405,0.26624775987943367,4824575.520803707,597039.0,22.0,Extreme Fear,2398.0,151649.8094
2018-05-29,7297.64,17062764,124517914880.74223,90798567739.21762,0.27079916310692737,3652245.540961984,610910.0,16.0,Extreme Fear,2398.0,156788.1863
2018-05-30,7438.15,17064939,126931581938.37924,90772117234.23717,0.284873663054922,6018057.003072585,598661.0,38.0,Fear,2398.0,160208.2063
2018-05-31,7503.72,17067064,128066475445.75679,90734387658.74533,0.2915055455150997,3321447.223778137,633570.0,25.0,Extreme Fear,2443.0,164969.7131
2018-06-01,7484.78,17069139,127758756157.03387,90705615599.77115,0.29002427443578965,4100365.235346193,697999.0,24.0,Extreme Fear,2443.0,166676.4332
2018-06-02,7602.45,17071039,129781726491.74634,90720528648.8741,0.3009760996310709,2305185.2681638864,528261.0,27.0,Fear,2443.0,171453.8378
2018-06-03,7692.15,17073077,131328671517.00935,90748915515.37656,0.30899388178442827,3416663.3966528825,536366.0,40.0,Fear,2443.0,163732.0072
2018-06-04,7578.55,17075364,129406505869.38876,90703657151.69923,0.2990796209021569,5584043.612444899,708308.0,41.0,Fear,2443.0,159633.9794
2018-06-05,7497.56,17077552,128039972987.11777,90669371622.831,0.2918666764171113,4260883.635316711,661376.0,26.0,Fear,2443.0,162920.4038
2018-06-06,7607.2,17079389,129926334050.76813,90669297767.61864,0.3021484179474346,6026983.9240086125,657356.0,42.0,Fear,2443.0,157651.7832
2018-06-07,7695.98,17081177,131456398841.0444,90658720387.23651,0.31035140786976817,3222643.816900601,641565.0,38.0,Fear,2509.0,171844.2097
2018-06-08,7631.13,17082983,130362468222.00703,90618572346.35986,0.3048722260149554,5419829.254023271,655501.0,40.0,Fear,2509.0,170547.4658
2018-06-09,7631.04,17084771,130374571237.48253,90592625501.15657,0.305135774244362,3017987.915447487,498294.0,39.0,Fear,2509.0,161461.0919
2018-06-10,7136.12,17086358,121930304942.24548,90358888105.97133,0.25893002442033203,4739102.553551645,537058.0,24.0,Extreme Fear,2509.0,153551.4629
2018-06-11,6763.6,17088108,115577130956.94753,90215999951.46582,0.2194303561223433,5222595.776701028,596633.0,15.0,Extreme Fear,2509.0,145538.4469
2018-06-12,6762.47,17089921,115570078371.16634,90045876852.08649,0.2208547565149692,3640609.406319508,662459.0,19.0,Extreme Fear,2509.0,142251.3337
2018-06-13,6448.11,17091708,110209216787.9877,89762178166.40619,0.1855292979798233,9508036.917856634,668119.0,19.0,Extreme Fear,2509.0,133974.2448
2018-06-14,6504.88,17093621,111191953665.09903,89722635012.8062,0.19308338368580738,3319779.9032439254,592409.0,17.0,Extreme Fear,2594.0,135214.1798
2018-06-15,6554.5,17095533,112052674622.60686,89611560817.50882,0.2002728973733082,3185262.967133875,637867.0,26.0,Fear,2594.0,139887.9443
2018-06-16,6470.82,17097608,110635547327.03693,89597323220.58937,0.19015790688194364,1633561.9587034343,448709.0,22.0,Extreme Fear,2594.0,142674.6285
2018-06-17,6516.02,17099571,111421146922.52913,89557846043.68962,0.19622218477109207,2517450.128844382,442321.0,23.0,Extreme Fear,2594.0,152127.5714
2018-06-18,6530.45,17101621,111681281155.21265,89533911617.59196,0.19830869872311604,4048189.00564989,581840.0,27.0,Fear,2594.0,152610.7422
2018-06-19,6725.6,17103558,115031693352.19597,89501928632.64825,0.2219367895540099,2722609.212626864,630701.0,32.0,Fear,2594.0,159516.9095
2018-06-20,6686.08,17105496,114368714998.48087,89469073066.85585,0.21771375093228731,3750772.893887714,593528.0,34.0,Fear,2594.0,153941.2267
2018-06-21,6740.2,17107621,115308787369.44693,89501388658.62752,0.2238112055426708,13988319.73607468,572851.0,37.0,Fear,2684.0,158622.5737
2018-06-22,6368.06,17109508,108954376986.90366,89298122975.24545,0.1804081171885448,3841468.379863117,628367.0,28.0,Fear,2684.0,151638.6014
2018-06-23,6136.58,17111508,105006141108.84048,89251447292.16219,0.15003592790204828,3005345.685785982,490606.0,17.0,Extreme Fear,2684.0,148516.0694
2018-06-24,6035.6,17113646,103291122070.93301,89179466059.99437,0.1366202218352102,6296799.062233208,465351.0,15.0,Extreme Fear,2684.0,143453.0282
2018-06-25,6207.7,17115608,106248563166.57687,89132602136.25209,0.16109357642314953,3866435.093640588,622576.0,16.0,Extreme Fear,2684.0,144353.7815
2018-06-26,6210.62,17117433,106309875125.02911,89057036318.99686,0.16228820498322952,5020648.848009793,620530.0,21.0,Extreme Fear,2684.0,144525.0351
2018-06-27,6106.8,17118946,104541979709.35744,88331857125.00409,0.1550585002256505,14080038.032017384,596895.0,18.0,Extreme Fear,2684.0,146313.275
2018-06-28,6093.67,17120908,104329166775.15782,88181034910.71806,0.15478060798895257,6600972.191047829,562176.0,20.0,Extreme Fear,2773.0,154576.1974
2018-06-29,5923.32,17122796,101423800270.9682,88167173826.18983,0.13070528228444794,3784747.711003245,597323.0,16.0,Extreme Fear,2773.0,155051.3873
2018-06-30,6369.27,17124558,109070937005.73415,88163856395.04832,0.1916833318263937,3237913.478533681,575034.0,22.0,Extreme Fear,2773.0,167053.0507
2018-07-01,6354.46,17126396,108828998613.92355,87973800805.18585,0.19163272725427333,10418606.437592056,491879.0,27.0,Fear,2773.0,170578.1466
2018-07-02,6457.68,17128158,110608166874.71791,88004285220.93115,0.2043599699052006,5662608.865524096,647264.0,27.0,Fear,2773.0,172620.0679
2018-07-03,6602.28,17129608,113094471906.36101,87952246738.24083,0.22231170758670876,5477437.635008647,667943.0,31.0,Fear,2773.0,185179.9309
2018-07-04,6583.88,17131283,112790315107.76935,87973453295.63803,0.22002653143063924,6237242.474796086,619779.0,33.0,Fear,2773.0,190703.225
2018-07-05,6591.43,17132996,112930944122.40605,87950930323.65771,0.2211972457404806,2853656.755943531,554487.0,37.0,Fear,2882.0,198705.6946
2018-07-06,6551.59,17134996,112261468739.61176,87889456768.85916,0.21710041962200755,5679359.9495624,655859.0,34.0,Fear,2882.0,203290.2261
2018-07-07,6590.53,17136946,112941557019.11087,87899747477.08214,0.22172360823564174,2629797.3192264168,482580.0,34.0,Fear,2882.0,218841.455
2018-07-08,6753.23,17138921,115743075769.91093,87822847001.95042,0.2412259099063857,5791467.361506704,499531.0,38.0,Fear,2882.0,260801.2607
2018-07-09,6717.42,17140621,115140750621.27791,87809965034.683,0.23736848543302969,4168349.780234093,636033.0,39.0,Fear,2882.0,310822.9846
2018-07-10,6490.62,17142483,111265346547.63156,87723864589.95924,0.21157963991595935,5231450.214650548,674996.0,37.0,Fear,2882.0,350539.9544
2018-07-11,6365.93,17144171,109138592781.26547,87664868112.54286,0.19675647377788757,5229168.010475148,625249.0,29.0,Fear,2882.0,357084.6771
2018-07-12,6231.49,17145933,106844713427.08443,87566045436.55603,0.18043633018572336,3927621.009812717,952133.0,33.0,Fear,2945.0,384997.5488
2018-07-13,6245.02,17147721,107087860881.19992,87481623928.86586,0.18308552240187742,7069697.455944974,940736.0,29.0,Fear,2945.0,432503.9434
2018-07-14,6241.93,17149383,107045251631.7955,87460709726.13777,0.18295572766761156,1920218.5322985,816904.0,29.0,Fear,2945.0,435050.12
2018-07-15,6322.78,17151046,108442290913.1685,87469032958.50797,0.1934047849602713,2976595.7334977644,515490.0,32.0,Fear,2945.0,460896.896
2018-07-16,6522.3,17152546,111874051070.09099,87503426837.26344,0.2178398296988364,5967955.3787019495,591036.0,36.0,Fear,2945.0,488316.9599
2018-07-17,6877.29,17154533,117976702004.5234,87641892314.4901,0.2571254253985692,4290729.330825248,696983.0,39.0,Fear,2945.0,520722.0631
2018-07-18,7402.39,17156708,127000647767.30545,87687148368.9673,0.3095535344856632,5795183.145562476,780118.0,42.0,Fear,2945.0,587827.9019
2018-07-19,7389.53,17158846,126795807615.78502,87759446486.72769,0.30786791663762886,6313554.41426914,645071.0,44.0,Fear,3015.0,608690.7959
2018-07-20,7423.37,17160771,127390752953.20184,87781538611.33687,0.3109269191337285,4469397.369794019,659346.0,47.0,Neutral,3015.0,653502.8906
2018-07-21,7350.87,17162483,126159185417.30574,87827775998.60411,0.30383367879167966,6933283.000727297,511231.0,43.0,Fear,3015.0,687323.4905
2018-07-22,7453.17,17164758,127931863445.72137,87866097218.87788,0.31318050990355895,4135853.810839818,463902.0,46.0,Fear,3015.0,754977.8335
2018-07-23,7682.19,17166833,131878876991.97443,87956273122.83253,0.33305260759700606,6121090.510850986,717809.0,44.0,Fear,3015.0,816479.6281
2018-07-24,8072.93,17168821,138602690479.76294,88152702089.613,0.3639899645203209,6277629.653036298,728369.0,49.0,Neutral,3015.0,913951.2129
2018-07-25,8254.61,17171033,141740185211.859,88244907444.28336,0.37741786274383854,5992253.5810656855,785008.0,54.0,Neutral,3015.0,933129.9877
2018-07-26,8200.21,17173096,140822993920.1296,88240785764.70079,0.3733922045802534,3933171.033764245,648173.0,53.0,Neutral,3111.0,942806.3266
2018-07-27,8023.64,17175183,137807489699.93103,88332113359.21086,0.359018050821841,3347079.6567774503,726245.0,47.0,Neutral,3111.0,597546.9527
2018-07-28,8182.14,17176996,140544586420.57587,88387334084.43417,0.3711082273924271,3200311.235844969,570157.0,54.0,Neutral,3111.0,622077.4225
2018-07-29,8207.5,17179121,140997635976.88904,88479622966.37312,0.37247442233091166,6942941.956917969,490273.0,54.0,Neutral,3111.0,622865.2842
2018-07-30,8140.7,17180796,139863706363.5826,88518957124.70883,0.3671055956818459,4188290.153405753,643271.0,53.0,Neutral,3111.0,682271.6039
2018-07-31,7921.44,17182633,136111200668.74837,88501775616.15152,0.349783300850186,3973879.7903097942,697539.0,48.0,Neutral,3111.0,735558.5103
2018-08-01,7574.17,17184508,130158389086.31248,88488265202.69734,0.3201493516947437,3195835.493029723,713287.0,39.0,Fear,3111.0,709427.48
2018-08-02,7591.66,17186421,130473465190.5033,88466615608.70738,0.3219570318030723,5557383.1961292485,640776.0,39.0,Fear,1396.0,701491.5061
2018-08-03,7396.59,17188496,127136257961.50467,88417607936.33392,0.30454451504223357,3723787.079698365,696718.0,36.0,Fear,1396.0,679870.6483
2018-08-04,7254.06,17190696,124702340552.21048,88333288443.01357,0.291646908535529,5028941.094601375,548835.0,31.0,Fear,1396.0,698606.2295
2018-08-05,7001.3,17192696,120371222819.87566,88322060925.82947,0.26625269016336883,3038687.5921549187,501318.0,23.0,Extreme Fear,1396.0,664033.5728
2018-08-06,6993.32,17194333,120245476666.931,88249102045.76102,0.2660921267732758,6667592.525731049,660988.0,25.0,Extreme Fear,1396.0,658842.3996
2018-08-07,6991.22,17196221,120222564494.23651,88176779300.22264,0.2665538314610661,3174963.257113989,713514.0,25.0,Extreme Fear,1396.0,661799.9964
2018-08-08,6448.97,17198183,110910569736.19981,88035527851.55782,0.20624762760709064,5229149.773062553,657844.0,23.0,Extreme Fear,1396.0,612759.9494
2018-08-09,6396.37,17200046,110017858520.8578,87955145291.33812,0.2005375629569895,9368537.989796262,636348.0,19.0,Extreme Fear,1496.0,593885.4182
2018-08-10,6405.77,17202246,110193631647.67613,87859617385.94707,0.20267971867138354,7766265.996302894,664519.0,21.0,Extreme Fear,1496.0,591377.8076
2018-08-11,6193.4,17204371,106553551630.0996,87816962452.86194,0.17584199579082715,4741641.649194212,531739.0,18.0,Extreme Fear,1496.0,562347.0559
2018-08-12,6310.19,17206308,108575076117.5654,87797862310.87122,0.19136264555040752,1861419.2614422685,483751.0,18.0,Extreme Fear,1496.0,579475.2573
2018-08-13,6348.5,17208183,109246153235.41948,87773899281.0647,0.1965492909217888,16154578.576326398,618980.0,21.0,Extreme Fear,1496.0,491874.7166
2018-08-14,6057.9,17209883,104255753527.24307,87644990787.33904,0.15932706040596098,8601436.84923467,665106.0,16.0,Extreme Fear,1496.0,480801.963
2018-08-15,6371.92,17211896,109672824647.03838,87560750641.21155,0.20161853291360401,8468385.7177457,690139.0,18.0,Extreme Fear,1496.0,512457.9391
2018-08-16,6347.74,17213871,109269177787.17033,87547608089.06764,0.1987895410031455,12854503.221762791,627176.0,21.0,Extreme Fear,1504.0,511220.6799
2018-08-17,6465.06,17215771,111300992752.16942,87603434769.4554,0.2129141654242084,16365830.204231195,659137.0,19.0,Extreme Fear,1504.0,524526.6871
2018-08-18,6450.92,17217771,111070463589.59315,87584837598.13971,0.2114479874526602,1580473.264498878,508161.0,24.0,Extreme Fear,1504.0,530938.7492
2018-08-19,6401.24,17219583,110226686971.56769,87623615387.633,0.2050598834542221,11374647.320049748,518565.0,27.0,Fear,1504.0,525648.5389
2018-08-20,6446.63,17221458,111020371299.92505,87591133183.34059,0.21103548693139954,9862807.804172143,629941.0,26.0,Fear,1504.0,532537.0162
2018-08-21,6403.33,17223308,110286528305.4224,87614011135.3828,0.20557830152429296,15177349.003701167,595311.0,19.0,Extreme Fear,1504.0,523323.078
2018-08-22,6582.44,17225308,113384559978.90656,87595212891.57886,0.22745025506228897,17579827.995856218,644814.0,21.0,Extreme Fear,1504.0,550131.0167
2018-08-23,6437.41,17227171,110898363156.74646,87642060868.5682,0.20970825561516382,18353704.15174304,575309.0,18.0,Extreme Fear,1544.0,532220.6435
2018-08-24,6554.24,17228996,112922975037.93295,87667457645.89928,0.22365260376420185,4924688.927961449,637445.0,19.0,Extreme Fear,1544.0,546733.475
2018-08-25,6719.61,17230683,115783473455.76839,87747645621.3485,0.24214015176466563,21958618.229708035,553307.0,22.0,Extreme Fear,1544.0,565906.1674
2018-08-26,6676.95,17232846,115062851400.10452,87794621160.77643,0.2369855249328831,12229093.75384386,506696.0,19.0,Extreme Fear,1544.0,568569.1565
2018-08-27,6720.03,17235158,115820782477.09285,87872898676.93614,0.2413028404956966,21584334.52727396,670286.0,18.0,Extreme Fear,1544.0,567750.613
2018-08-28,6991.33,17237071,120510051908.97379,87979604499.79915,0.26993970124372885,15040972.422936589,669852.0,19.0,Extreme Fear,1544.0,593965.7794
2018-08-29,7053.47,17238808,121593418907.8345,88052217590.03421,0.2758471767557082,21370680.02403322,677005.0,19.0,Extreme Fear,1544.0,628905.9339
2018-08-30,6934.05,17240733,119548108437.63646,88101241240.61667,0.26304780232825165,17004814.81519937,627438.0,22.0,Extreme Fear,1603.0,636648.5338
2018-08-31,6982.98,17242671,120405227053.7319,88106126481.44922,0.26825330895201854,4541680.078813084,657088.0,17.0,Extreme Fear,1603.0,639136.7052
2018-09-01,7102.3,17244558,122476028154.06992,88153351474.5542,0.28023995549838676,2767161.794887053,572708.0,21.0,Extreme Fear,1603.0,657789.5352
2018-09-02,7243.58,17246358,124925377829.30026,88194592246.02657,0.2940218090311733,3143024.773733716,501961.0,18.0,Extreme Fear,1603.0,683290.5447
2018-09-03,7263.75,17248158,125286311631.14714,88213946424.60051,0.2959011620973456,3765112.72823698,619115.0,19.0,Extreme Fear,1603.0,699081.1018
2018-09-04,7324.44,17249733,126344638366.24237,88257951653.74112,0.3014507556869743,4173242.546577421,635288.0,26.0,Fear,1603.0,721805.2384
2018-09-05,7133.28,17251383,123058949213.76111,88156675535.01585,0.28362239318424387,4798589.10887045,671171.0,17.0,Extreme Fear,1603.0,685272.72
2018-09-06,6437.31,17253258,111064573764.20375,88054659035.84714,0.20717600534989616,6569459.851536157,674168.0,14.0,Extreme Fear,1638.0,641012.8147
2018-09-07,6454.32,17255158,111370314900.0539,87990455171.7237,0.20992900800641345,3940165.799873602,695709.0,17.0,Extreme Fear,1638.0,654400.8686
2018-09-08,6375.23,17257033,110017557966.9812,87946045480.94392,0.20061809127468042,2502768.032756565,551231.0,18.0,Extreme Fear,1638.0,700632.705
2018-09-09,6302.95,17259071,108783061842.97484,87917759696.95293,0.19180653488261218,4377317.445581519,512601.0,13.0,Extreme Fear,1638.0,691676.0981
2018-09-10,6299.58,17260758,108735529314.80325,87882990463.0072,0.19177300173364023,7558192.214823089,619760.0,15.0,Extreme Fear,1638.0,704422.6995
2018-09-11,6302.29,17262521,108793413756.58516,87802332615.12892,0.19294441103228704,8603384.579509906,657659.0,18.0,Extreme Fear,1638.0,709869.0829
2018-09-12,6280.4,17264621,108428726010.90614,87763680762.42406,0.19058644336006975,5865566.795715111,606273.0,14.0,Extreme Fear,1638.0,708742.7952
2018-09-13,6447.73,17266471,111329543350.85785,87666116272.42274,0.2125529878790504,25265181.22038095,614272.0,20.0,Extreme Fear,1622.0,727993.9498
2018-09-14,6504.68,17268121,112323601598.86955,87666593531.10204,0.21951760553247493,3166066.3044330035,626748.0,23.0,Extreme Fear,1622.0,732852.2378
2018-09-15,6523.09,17269871,112652923114.80766,87668246884.74518,0.22178453553841582,2681546.966303241,563724.0,24.0,Extreme Fear,1622.0,731402.9211
2018-09-16,6492.63,17271608,112138163787.39748,87669873927.19196,0.21819770391991528,2560163.052456413,476502.0,28.0,Fear,1622.0,724201.9844
2018-09-17,6406.76,17273296,110665862169.13998,87628460926.70836,0.20817080164451815,4605728.366602233,640997.0,25.0,Extreme Fear,1622.0,719491.1844
2018-09-18,6302.83,17275071,108881836034.43515,87615197906.31552,0.19531851135752162,3374664.072579573,648567.0,21.0,Extreme Fear,1622.0,696235.6486
2018-09-19,6345.14,17277021,109625117313.34828,87605247649.67123,0.20086518676861514,4035112.302595956,646913.0,24.0,Extreme Fear,1622.0,683312.2265
2018-09-20,6417.94,17278946,110895238979.92287,87593404460.62805,0.21012475137470527,5724583.248068333,641789.0,24.0,Extreme Fear,1569.0,688490.7091
2018-09-21,6662.99,17280746,115141438090.2405,87498689759.18785,0.2400764554407252,9258706.255127326,727401.0,31.0,Fear,1569.0,713291.4245
2018-09-22,6712.92,17282683,116017272022.76117,87496792632.87837,0.24582959840916987,3094037.2633366087,573260.0,35.0,Fear,1569.0,720601.4221
2018-09-23,6712.15,17284558,116016549637.68153,87509434102.12451,0.24571593987740925,3169279.756683813,517479.0,38.0,Fear,1569.0,720907.6749
2018-09-24,6643.98,17286408,114850552644.6703,87495988911.798,0.2381752904359377,3864329.0456360057,625278.0,43.0,Fear,1569.0,715093.8805
2018-09-25,6423.53,17288521,111053333588.05466,87394290875.07211,0.21304216585468988,11116830.137944344,659797.0,37.0,Fear,1569.0,694748.6365
2018-09-26,6471.01,17290258,111885435947.14528,87389880755.87526,0.21893426060244095,3615172.013408889,638491.0,37.0,Fear,1569.0,703255.6392
2018-09-27,6530.34,17292046,112922939969.36888,87421832105.6062,0.22582752335955855,4016321.838646493,645101.0,42.0,Fear,1568.0,705338.4937
2018-09-28,6676.13,17293971,115456798912.51639,87435085673.49129,0.24270301535258773,11534809.01777284,684920.0,42.0,Fear,1568.0,731581.0685
2018-09-29,6559.86,17295871,113458492633.11667,87417177847.59732,0.22952283413219185,3252043.124653431,563086.0,37.0,Fear,1568.0,720789.3227
2018-09-30,6601.61,17297908,114194046029.61954,87420916126.00082,0.2344529407135143,5334344.644992761,543253.0,34.0,Fear,1568.0,721648.1061
2018-10-01,6600.3,17299883,114184421361.92563,87371073786.68028,0.23482491968196073,6577366.375774777,682978.0,35.0,Fear,1568.0,725983.7686
2018-10-02,6567.79,17301596,113633249488.25336,87337180652.00746,0.23141174748297774,8291753.769219553,686740.0,33.0,Fear,1568.0,725538.9407
2018-10-03,6475.03,17303408,112040089430.99608,87303110222.43294,0.2207868570454712,4963616.528061445,703346.0,36.0,Fear,1568.0,714777.2213
2018-10-04,6572.98,17305283,113747282635.47679,87298341058.53656,0.2325237224497092,4593065.3936343575,652955.0,29.0,Fear,1672.0,722765.6654
2018-10-05,6575.81,17306908,113806942279.15909,87300148484.23572,0.23291016579554857,3198823.0575405983,697142.0,37.0,Fear,1672.0,723718.1112
2018-10-06,6588.16,17308471,114030976599.68958,87297803473.88745,0.23443781613525969,4177672.3261949383,597479.0,34.0,Fear,1672.0,726278.2076
2018-10-07,6565.9,17310246,113657344506.72374,87301155303.28705,0.23189165045007287,2076403.8394068417,607630.0,29.0,Fear,1672.0,724842.9687
2018-10-08,6620.14,17311933,114607423738.45338,87318801552.32173,0.23810518809328843,6615513.830648796,656648.0,26.0,Fear,1672.0,730577.3204
2018-10-09,6629.48,17313558,114779890102.76346,87314719845.21529,0.23928555980458216,6980161.962838223,632009.0,31.0,Fear,1672.0,730247.1274
2018-10-10,6569.85,17315358,113759308336.72641,87315193936.72307,0.2324567087005226,8708340.880521169,653131.0,28.0,Fear,1672.0,723511.1902
2018-10-11,6274.91,17317346,108664787871.09547,86911454567.73422,0.20018750995185605,10977731.850237988,699363.0,19.0,Extreme Fear,1665.0,692038.2944
2018-10-12,6270.23,17318996,108594088571.10497,86883355172.24342,0.1999255547381462,4822776.070329338,704003.0,13.0,Extreme Fear,1665.0,692601.2176
2018-10-13,6277.89,17320758,108737816861.93451,86865581530.1773,0.201146537267054,3931356.229640044,583522.0,15.0,Extreme Fear,1665.0,696959.1838
2018-10-14,6328.17,17322183,109617722243.82602,86838044878.26393,0.2078101688237287,4083405.103871932,533594.0,18.0,Extreme Fear,1665.0,704667.7752
2018-10-15,6509.79,17324208,112776959544.015,86852848636.66223,0.22987063148510412,12122676.842511188,716731.0,20.0,Extreme Fear,1665.0,737025.943
2018-10-16,6545.88,17325896,113413236402.90327,86807739967.57318,0.23458898872097628,10123898.931561446,694685.0,24.0,Extreme Fear,1665.0,731620.5263
2018-10-17,6519.47,17327621,112966905574.1054,86776429932.697,0.23184202053076192,5505800.028020703,688109.0,23.0,Extreme Fear,1665.0,724069.8834
2018-10-18,6509.41,17329346,112803818438.64291,86744826501.89235,0.23101161199542872,4800602.970788229,670447.0,26.0,Fear,1668.0,722697.4796
2018-10-19,6467.15,17331121,112082959466.03212,86777403681.86502,0.22577522849792528,11991464.776509412,701213.0,24.0,Extreme Fear,1668.0,716657.65
2018-10-20,6490.4,17332908,112497509620.32787,86353981352.97806,0.23239206232726928,16636202.03405136,611379.0,21.0,Extreme Fear,1668.0,726092.7726
2018-10-21,6523.43,17334633,113081268506.31851,86356322138.23967,0.2363339810482013,3120858.815504269,572486.0,21.0,Extreme Fear,1668.0,733417.9282
2018-10-22,6481.04,17336571,112359010405.34688,86337454046.52391,0.23159296495178697,6616700.221633218,692314.0,27.0,Fear,1668.0,729899.8571
2018-10-23,6483.53,17338496,112414659262.49367,86316238024.99155,0.2321620810730836,5909024.674676861,697985.0,24.0,Extreme Fear,1668.0,724908.9853
2018-10-24,6515.15,17339908,112972105156.81087,86306766970.82579,0.23603471094897513,3936744.047051178,652136.0,23.0,Extreme Fear,1668.0,725658.256
2018-10-25,6485.97,17341621,112477233849.09343,86282247713.96657,0.23289145046251503,4687537.264300265,674946.0,25.0,Extreme Fear,1690.0,725117.2953
2018-10-26,6477.13,17343408,112335511788.93082,86203468395.39838,0.2326249551667366,9434252.280393995,705500.0,29.0,Fear,1690.0,719729.1812
2018-10-27,6476.32,17345108,112332473372.00938,86203376028.28493,0.23260502114284626,2373701.324542571,599637.0,33.0,Fear,1690.0,720116.1693
2018-10-28,6476.09,17346858,112339817154.54405,86203052944.92517,0.23265806257867558,2906028.045257651,583240.0,35.0,Fear,1690.0,720050.2454
2018-10-29,6396.96,17348683,110978834689.87996,86172453235.09726,0.22352353513263884,4073313.987906976,732345.0,34.0,Fear,1690.0,713475.2992
2018-10-30,6319.47,17350608,109646650181.72966,86155301515.91708,0.21424593115136428,3459659.6695127147,722192.0,31.0,Fear,1690.0,693646.4514
2018-10-31,6319.77,17352646,109664731895.66815,86126802395.47096,0.21463536264868174,7818439.248719836,732516.0,32.0,Fear,1690.0,684478.3835
2018-11-01,6350.71,17354571,110213847881.04976,86089240088.52924,0.21888908024114567,5625528.9585121805,716325.0,29.0,Fear,1739.0,689923.5489
2018-11-02,6397.53,17356358,111037824482.2506,86093483272.8451,0.22464724363717029,7449002.857188918,789905.0,36.0,Fear,1739.0,683518.2752
2018-11-03,6371.1,17358371,110591917764.65215,86094470327.64922,0.22151209538779612,2064516.8469801643,664462.0,36.0,Fear,1739.0,683005.216
2018-11-04,6397.46,17359908,111059320520.14774,86105681794.9832,0.22468747880226397,4002134.511021895,638497.0,41.0,Fear,1739.0,685168.1831
2018-11-05,6430.64,17361708,111646897437.67007,86103360600.88794,0.22878859532162557,4764935.096470058,736330.0,42.0,Fear,1739.0,694539.0942
2018-11-06,6428.01,17363308,111611520960.19678,86108400333.40862,0.2284989973022871,4855597.660905107,715671.0,42.0,Fear,1739.0,689380.5012
2018-11-07,6534.81,17364933,113476541379.04547,86130132399.12024,0.24098733225028487,6608825.269698014,727200.0,48.0,Neutral,1739.0,702287.557
2018-11-08,6490.9,17366446,112723864633.33556,86131191414.78093,0.2359098785785458,4618148.213382745,721536.0,51.0,Neutral,1745.0,711081.4552
2018-11-09,6425.71,17368033,111601946830.28857,86129073011.22333,0.22824757580440302,6619724.888951678,725173.0,47.0,Neutral,1745.0,702223.0063
2018-11-10,6411.7,17369671,111369119839.07346,86133422803.59737,0.22659510169373032,3566710.52530273,616864.0,52.0,Neutral,1745.0,701907.4719
2018-11-11,6399.03,17371496,111160724336.68361,86139224939.63026,0.225092986271556,2786837.13402372,614666.0,54.0,Neutral,1745.0,700415.6221
2018-11-12,6417.32,17373246,111489679309.34622,86135768392.78558,0.22741038519101034,6501025.824201478,708464.0,52.0,Neutral,1745.0,715588.4011
2018-11-13,6400.17,17374746,111201328394.67488,86101666892.92044,0.22571368403685718,7996497.72265697,669519.0,56.0,Greed,1745.0,721308.417
2018-11-14,6162.22,17376433,107077406319.52281,85919178890.37158,0.1975974965812519,15125919.4039955,746378.0,49.0,Neutral,1745.0,775292.1385
2018-11-15,5612.81,17378021,97539530301.44849,85312104164.37074,0.12535867354793037,44274890.5572025,736412.0,28.0,Fear,1765.0,752595.9778
2018-11-16,5618.53,17379596,97647781766.57573,85188224583.72118,0.12759693008325343,8114102.779933811,728953.0,23.0,Extreme Fear,1765.0,812971.3363
2018-11-17,5580.01,17381408,96988433495.0483,85155540791.46405,0.12200313250949009,3566011.4618647504,616227.0,24.0,Extreme Fear,1765.0,1560842.694
2018-11-18,5620.2,17382946,97695633361.97084,85142356349.2922,0.12849373693261856,3269121.292897557,572212.0,26.0,Fear,1765.0,1860595.449
2018-11-19,5277.84,17384521,91752720552.01306,84806574110.544,0.0757050733719814,13057200.43816264,693761.0,28.0,Fear,1765.0,1787555.927
2018-11-20,4629.09,17386171,80482150522.58527,84113959670.00395,-0.04512564741171412,19810188.69595007,781612.0,21.0,Extreme Fear,1765.0,1581071.177
2018-11-21,4528.99,17387483,78747739100.35822,83979961845.99045,-0.06644283131689849,6168562.400763265,642219.0,15.0,Extreme Fear,1765.0,1550329.559
2018-11-22,4534.66,17389008,78853241488.55823,83804922113.16841,-0.06279615816844616,7915035.521169786,674777.0,14.0,Extreme Fear,1939.0,1985224.66
2018-11-23,4322.84,17390571,75176656136.06154,83664551575.27213,-0.11290599868991809,6746850.114510093,658702.0,12.0,Extreme Fear,1939.0,1907803.169
2018-11-24,4304.14,17392358,74859146107.77051,83482459776.88063,-0.11519385562714839,9118639.706224598,602095.0,15.0,Extreme Fear,1939.0,1930176.626
2018-11-25,3850.26,17393946,66971214699.12706,83279206399.53085,-0.2435074796488104,9948172.772112506,588419.0,9.0,Extreme Fear,1939.0,1713007.712
2018-11-26,3930.07,17395333,68364878505.10155,83003503421.78996,-0.21412493135047475,8801397.725603072,649621.0,17.0,Extreme Fear,1939.0,1788412.948
2018-11-27,3775.8,17396971,65687483271.61819,82750700966.2617,-0.25976360860237246,11371033.02612961,664504.0,11.0,Extreme Fear,1939.0,1700953.014
2018-11-28,4116.45,17398446,71619833221.83598,82700572577.17252,-0.15471607314436128,15859632.266379982,634492.0,14.0,Extreme Fear,1939.0,1838544.884
2018-11-29,4268.57,17399758,74272087332.32253,82754078528.71767,-0.11420159983444894,45025018.36169685,627382.0,18.0,Extreme Fear,1881.0,1928257.294
2018-11-30,4127.3,17401021,71819234158.92397,82509183622.1367,-0.14884521658303493,105589997.37991604,611146.0,19.0,Extreme Fear,1881.0,1826357.373
2018-12-01,4139.13,17402571,72031503889.386,82658440750.54263,-0.14753179216521306,60035976.75464957,611585.0,13.0,Extreme Fear,1881.0,1877591.694
2018-12-02,4190.53,17403996,72931967546.3477,82612064155.25545,-0.13272775895914393,2626173.015363612,529374.0,15.0,Extreme Fear,1881.0,1886826.968
2018-12-03,4001.04,17405421,69639785817.78545,82761969944.3778,-0.18842941534781488,146213169.2352661,594029.0,17.0,Extreme Fear,1881.0,1823992.918
2018-12-04,3973.22,17407146,69162420808.81425,83327552078.38457,-0.20480965102027007,397370509.67126,697990.0,12.0,Extreme Fear,1881.0,1805943.137
2018-12-05,3890.72,17408771,67732653680.10384,82322946952.90527,-0.21541003460030184,61282964.97132942,623076.0,19.0,Extreme Fear,1881.0,1768181.326
2018-12-06,3757.86,17410458,65426065747.81851,81711116562.8787,-0.2489076888381168,51221474.75600434,678431.0,13.0,Extreme Fear,1945.0,1714071.821
2018-12-07,3415.97,17411883,59478471833.12712,81472046420.734,-0.3697736997902716,12338068.832516028,680079.0,11.0,Extreme Fear,1945.0,1556756.052
2018-12-08,3442.08,17413471,59938560414.48641,81403244281.32632,-0.3581114347493098,5010879.391505705,557725.0,11.0,Extreme Fear,1945.0,1563204.786
2018-12-09,3564.51,17415071,62076194890.52267,81376305100.46544,-0.3109100073543549,2675638.791989054,545200.0,14.0,Extreme Fear,1945.0,1603623.61
2018-12-10,3547.51,17416621,61785637323.258095,81227158380.01482,-0.3146608483625418,8802487.635034282,642160.0,19.0,Extreme Fear,1945.0,1630021.196
2018-12-11,3433.8,17418183,59810558656.731415,80854938496.73482,-0.35185058144637393,16358237.672483392,643565.0,15.0,Extreme Fear,1945.0,1584352.737
2018-12-12,3481.88,17419683,60653247741.57376,80753924233.01193,-0.33140313569161933,5895259.024944034,649869.0,14.0,Extreme Fear,1945.0,1613019.236
2018-12-13,3425.05,17421321,59668895645.08789,80635414640.70178,-0.3513810465057587,7628553.68679586,669120.0,14.0,Extreme Fear,1978.0,1591678.155
2018-12-14,3298.89,17423146,57477042256.30398,80460751042.66762,-0.3998763312119254,7120610.675650611,723450.0,10.0,Extreme Fear,1978.0,1537092.018
2018-12-15,3236.72,17425008,56399873657.68795,80386031742.97934,-0.42528744356543075,3801106.596408181,629936.0,11.0,Extreme Fear,1978.0,1521645.064
2018-12-16,3294.84,17426446,57417351486.82184,80315920449.9213,-0.398809216554599,3981393.5706598302,560839.0,13.0,Extreme Fear,1978.0,1557891.116
2018-12-17,3395.92,17428446,59185608493.0478,80280938077.40457,-0.35642667400867767,4870107.264738346,727582.0,17.0,Extreme Fear,1978.0,1611624.108
2018-12-18,3569.7,17430046,62220035366.74336,80093753105.98267,-0.2872662741814,15151156.908639723,669403.0,23.0,Extreme Fear,1978.0,1704867.398
2018-12-19,3813.69,17431908,66479895298.88155,80008838138.3491,-0.20350427416655634,13192740.156793162,734734.0,21.0,Extreme Fear,1978.0,1844744.588
2018-12-20,3983.01,17433596,69438187383.09154,80039035887.43211,-0.1526659739237652,6556962.402086125,674536.0,27.0,Fear,2113.0,2001382.375
2018-12-21,4022.91,17435346,70140827957.786,79916644544.77202,-0.13937412590666257,8199794.401682316,684456.0,35.0,Fear,2113.0,1998276.735
2018-12-22,3906.52,17437533,68120073544.11148,79920570602.08446,-0.17323083261693056,2522158.23870264,580350.0,28.0,Fear,2113.0,1933461.499
2018-12-23,4028.51,17439733,70256140983.26285,79877705089.54224,-0.1369497950160903,3763982.970940652,556098.0,31.0,Fear,2113.0,2002698.358
2018-12-24,4166.01,17441633,72662019764.69676,79848676528.42389,-0.09890527110311353,6635236.391042221,613783.0,25.0,Extreme Fear,2113.0,2098181.508
2018-12-25,3823.04,17443621,66687660999.777054,79774148716.50099,-0.19623551824328772,2940686.215003684,526841.0,33.0,Fear,2113.0,1925239.746
2018-12-26,3826.13,17445583,66749070568.93103,79745752397.13853,-0.19470955501599044,2931349.32082723,578227.0,26.0,Fear,2113.0,1927816.825
2018-12-27,3758.42,17447758,65576004670.600845,79651176545.4209,-0.21463905807500744,6675451.3457619855,651466.0,29.0,Fear,2212.0,1914855.78
2018-12-28,3738.65,17449846,65238866916.04171,79558438495.4471,-0.2194944862827518,8172512.32945077,671839.0,21.0,Extreme Fear,2212.0,1851755.157
2018-12-29,3908.58,17451571,68210861554.96413,79405622005.6799,-0.16411990987234587,13146615.149500253,595184.0,24.0,Extreme Fear,2212.0,1980331.754
2018-12-30,3830.08,17453771,66849339403.93367,79359647358.83528,-0.1871418336583511,4465350.719641039,566963.0,23.0,Extreme Fear,2212.0,1947999.745
2018-12-31,3796.71,17455708,66274263189.787895,79257715722.27657,-0.19590489441290795,5485143.399891123,581317.0,26.0,Fear,2212.0,1919535.877
2019-01-01,3749.58,17457571,65458559238.81327,79235365108.29558,-0.21046607242332077,3350119.435624767,461105.0,24.0,Extreme Fear,2212.0,1971498.22
2019-01-02,3845.97,17459458,67148553780.2133,79233366523.21457,-0.1799713033665113,3519489.5389181986,613261.0,30.0,Fear,2212.0,2050140.628
2019-01-03,3847.28,17461396,67178879775.90723,79157953899.78464,-0.1783160743947615,5254533.08755461,630077.0,33.0,Fear,2391.0,2096876.172
2019-01-04,3814.31,17463258,66610281700.679436,79134752518.01549,-0.18802608993032227,3837959.557495804,615961.0,48.0,Neutral,2391.0,2084208.479
2019-01-05,3868.6,17465296,67566244279.58607,79123452943.89575,-0.17105003818898795,2239854.847249428,545846.0,36.0,Fear,2391.0,2125827.685
2019-01-06,3910.21,17467058,68299866993.14243,79106481907.78831,-0.15822307407613118,3662548.0876624174,545467.0,31.0,Fear,2391.0,2144821.938
2019-01-07,4039.81,17468821,70570717945.69604,79086138251.36832,-0.12066506553362348,10710288.664701656,633246.0,39.0,Fear,2391.0,2259517.805
2019-01-08,4026.27,17470933,70342695604.1221,79024114835.6929,-0.12341607265704596,5980302.134039503,655007.0,39.0,Fear,2391.0,2261323.783
2019-01-09,4028.4,17472983,70388166912.5729,79027784579.80876,-0.1227424728643221,4993449.861926004,646347.0,42.0,Fear,2391.0,2277911.662
2019-01-10,3822.94,17474933,66805622446.42256,78719827584.57143,-0.17834135364435738,15797266.79048415,680078.0,37.0,Fear,2493.0,2168102.042
2019-01-11,3661.36,17476783,63988796200.22568,78215797641.85611,-0.2223358194942923,56394752.55297643,655751.0,19.0,Extreme Fear,2493.0,2101295.394
2019-01-12,3658.29,17478508,63941453024.99261,78185704239.9482,-0.2227702146428856,2697435.931022105,542093.0,22.0,Extreme Fear,2493.0,2096465.466
2019-01-13,3615.31,17480221,63196417946.10462,78143776082.7369,-0.23652223689924523,5172303.664594596,518576.0,21.0,Extreme Fear,2493.0,2097954.088
2019-01-14,3605.31,17482083,63028330625.529884,78127186112.89548,-0.23955664599578874,29118611.06431187,636617.0,16.0,Extreme Fear,2493.0,2062117.665
2019-01-15,3665.91,17483733,64093793639.8553,78149487208.96352,-0.2192988239717487,148855748.94166932,645081.0,27.0,Fear,2493.0,1776021.442
2019-01-16,3625.01,17485396,63384735516.990875,78158461606.91702,-0.23308018830442087,27304877.405247204,678059.0,24.0,Extreme Fear,2493.0,1836618.059
2019-01-17,3621.46,17486983,63328411428.78122,78118419398.63646,-0.23354459137962114,5643830.430631543,636329.0,28.0,Fear,2607.0,1820703.836
2019-01-18,3633.57,17488708,63546446707.76085,78085069998.19543,-0.22878735230146238,3179830.9276801967,652367.0,29.0,Fear,2607.0,1819742.601
2019-01-19,3696.01,17490371,64644586285.93402,78060505329.01518,-0.2075335277689034,3665499.445052562,557299.0,31.0,Fear,2607.0,1853488.109
2019-01-20,3627.33,17492333,63450466237.69021,78028467163.21658,-0.2297540394883166,2053795.093094357,549773.0,35.0,Fear,2607.0,1988609.756
2019-01-21,3554.3,17494208,62179665431.40077,78000107561.69919,-0.25443112343137636,12618134.678529331,631330.0,30.0,Fear,2607.0,1959986.705
2019-01-22,3569.12,17495833,62444729422.03728,77845233914.18346,-0.2466261706101846,7688551.0635295985,626613.0,27.0,Fear,2607.0,1975693.222
2019-01-23,3588.62,17497658,62792447407.66427,77808068834.9124,-0.23913101092816086,3244736.9592994326,708846.0,33.0,Fear,2607.0,2028580.231
2019-01-24,3571.46,17499683,62499419793.5297,77787951061.72002,-0.2446187711613456,3209385.098481871,660872.0,37.0,Fear,3251.0,2027542.764
2019-01-25,3578.23,17501408,62624065097.879166,77741060458.52206,-0.24139275112555497,2938516.954912331,657356.0,35.0,Fear,3251.0,2051116.624
2019-01-26,3599.82,17503283,63008670170.86514,77708853218.21474,-0.23330413112173373,2859266.74842871,621149.0,41.0,Fear,3251.0,2060924.15
2019-01-27,3577.53,17504996,62624648500.77269,77679707871.56732,-0.24040149894987237,2699200.307345075,532591.0,39.0,Fear,3251.0,2067765.259
2019-01-28,3462.21,17506808,60612247612.49139,77586839599.99315,-0.28005217849739533,6391831.132310248,666174.0,35.0,Fear,3251.0,2006624.242
2019-01-29,3414.53,17508633,59783754498.31707,77507713535.0799,-0.2964678144672523,6164411.450235739,664300.0,21.0,Extreme Fear,3251.0,1998512.931
2019-01-30,3443.39,17510333,60294907425.42499,77429164281.30193,-0.28417419625478707,17894785.050255045,647204.0,22.0,Extreme Fear,3251.0,2105441.958
2019-01-31,3443.72,17512271,60307358042.99483,77383108420.58208,-0.2831453894135681,5247870.267583451,678650.0,17.0,Extreme Fear,2902.0,2148439.781
2019-02-01,3435.53,17514246,60170717714.886505,77342417459.85135,-0.28538299686454444,5172944.050933484,700878.0,23.0,Extreme Fear,2902.0,2170077.295
2019-02-02,3450.77,17516046,60443846210.61189,77326612993.45471,-0.27931324429646864,2512786.300846165,597362.0,22.0,Extreme Fear,2902.0,2192042.969
2019-02-03,3457.24,17517771,60563138767.522865,77303169522.92068,-0.2764062612351707,2617074.2664238717,561526.0,19.0,Extreme Fear,2902.0,2195358.836
2019-02-04,3436.57,17519608,60207361137.39828,77232748019.12471,-0.2827791578985344,4980498.225768352,650416.0,27.0,Fear,2902.0,2200937.849
2019-02-05,3437.24,17521446,60225415203.623405,77201747190.70653,-0.28187986632696155,5172205.26312048,683680.0,21.0,Extreme Fear,2902.0,2205734.354
2019-02-06,3396.52,17523496,59518904786.672104,77127912873.46617,-0.2958557142458912,11461730.350564474,722314.0,14.0,Extreme Fear,2902.0,2205791.176
2019-02-07,3390.84,17525671,59426746406.13666,77071915513.9528,-0.2969230216176538,5713953.195961348,685367.0,18.0,Extreme Fear,3042.0,2225541.806
2019-02-08,3470.72,17527708,60833768601.20911,77066602147.02956,-0.2668391901253642,4624113.123024547,727382.0,37.0,Fear,3042.0,2257115.884
2019-02-09,3640.16,17529583,63810488837.06935,77068569699.13017,-0.2077727518419953,4614781.507142711,604407.0,42.0,Fear,3042.0,2414052.511
2019-02-10,3631.24,17531333,63660479621.84819,77068142773.60541,-0.21061203483543542,2365068.062731508,537945.0,40.0,Fear,3042.0,2402099.88
2019-02-11,3610.54,17533146,63304125121.21725,77039326941.52948,-0.21697167118274716,6027059.858851772,723279.0,46.0,Fear,3042.0,2395235.112
2019-02-12,3596.21,17534746,63058629074.392784,76997485419.40279,-0.2210459781573395,5935028.131908121,842858.0,38.0,Fear,3042.0,2402950.134
2019-02-13,3598.72,17536658,63109523838.96566,76834140063.18643,-0.21747298013595207,13364386.549008682,792204.0,48.0,Neutral,3042.0,2408845.062
2019-02-14,3582.7,17538421,62834901077.825195,76816015181.82799,-0.2225055480979632,4781130.394473871,659013.0,48.0,Neutral,3269.0,2464722.839
2019-02-15,3587.5,17540008,62924780655.09107,76787777573.2682,-0.22031061171534674,4319356.579895246,645085.0,43.0,Fear,3269.0,2493995.795
2019-02-16,3607.27,17541883,63278310255.275185,76731632132.58336,-0.21260558038031113,5359757.151615554,642958.0,43.0,Fear,3269.0,2521594.589
2019-02-17,3610.69,17543871,63345479743.37399,76714002147.35089,-0.21104145801935079,2675549.0962324645,568092.0,38.0,Fear,3269.0,2530194.344
2019-02-18,3779.04,17545808,66306312323.79522,76719607987.74597,-0.15704833067927612,6381669.234264759,719362.0,63.0,Greed,3269.0,2628581.553
2019-02-19,3924.61,17547758,68868108663.18697,76691583545.66803,-0.11360083839013653,8682816.924167711,748424.0,65.0,Greed,3269.0,2773232.065
2019-02-20,3935.45,17549383,69064721472.06447,76759046165.91766,-0.11140745274655776,23125385.77906,719167.0,59.0,Greed,3269.0,2813178.347
2019-02-21,3929.22,17550871,68961233527.32928,76715644933.45757,-0.11244594984014045,11586398.34054674,671016.0,59.0,Greed,3418.0,2812265.562
2019-02-22,3946.84,17552896,69278472226.14171,76722611949.10292,-0.10745242329625483,6181378.959388171,765893.0,61.0,Greed,3418.0,2849374.083
2019-02-23,4007.33,17554683,70347410010.27713,76698938494.51663,-0.09028802173827864,7332056.728349897,600634.0,63.0,Greed,3418.0,2866901.953
2019-02-24,4016.09,17556396,70508066592.2561,76644988820.17752,-0.08703858330722453,4490643.236689455,600042.0,69.0,Greed,3418.0,3004833.299
2019-02-25,3816.51,17558183,67010983081.225365,76602861875.36218,-0.14313890578967195,8195662.730776429,698360.0,47.0,Neutral,3418.0,2785947.424
2019-02-26,3820.82,17560196,67094348252.5542,76592072537.78038,-0.14155773969925425,6519114.391235664,734105.0,40.0,Fear,3418.0,2799949.438
2019-02-27,3817.13,17561958,67036278820.77325,76574060639.42987,-0.1422779125935172,3463496.4504455896,706548.0,39.0,Fear,3418.0,2815397.829
2019-02-28,3831.8,17563833,67301097377.62514,76546645568.60785,-0.1373758906055591,55141257.05678368,723161.0,39.0,Fear,3562.0,2815905.294
2019-03-01,3830.92,17565858,67293398817.10556,76536635737.17125,-0.13735726063098058,4798364.358989215,752393.0,42.0,Fear,3562.0,2831762.749
2019-03-02,3834.99,17567508,67371219594.88359,76523355453.19206,-0.1358463734713735,12357503.631044265,664627.0,41.0,Fear,3562.0,2825172.837
2019-03-03,3828.3,17569333,67260679610.217735,76519122481.76962,-0.13765015348053983,1868035.1335756043,595430.0,44.0,Fear,3562.0,2845229.733
2019-03-04,3722.0,17571046,65399433379.38717,76440449134.92128,-0.1688243335608785,7580652.849800311,700424.0,36.0,Fear,3562.0,2762242.283
2019-03-05,3838.0,17572908,67444822995.60396,76457394614.14235,-0.1336288126833075,6520581.356417619,718015.0,35.0,Fear,3562.0,2880564.975
2019-03-06,3871.05,17574508,68031801303.015305,76448336678.31192,-0.12371472185205212,4039888.372528287,748454.0,42.0,Fear,3562.0,2921594.737
2019-03-07,3873.17,17576283,68075934137.88064,76444775522.72285,-0.122933919171671,5030734.606475608,700381.0,56.0,Greed,3803.0,2995266.632
2019-03-08,3862.423,17578108,67894090740.59782,76417932169.30307,-0.12554614600072042,7086457.431173133,722941.0,54.0,Neutral,3803.0,3045631.804
2019-03-09,3927.1748,17579833,69039079286.01016,76422329076.5033,-0.10694305119432915,2059940.962291772,611435.0,55.0,Greed,3803.0,3082099.093
2019-03-10,3920.537,17581533,68929052779.80534,76414360365.39769,-0.10859437760597476,7370596.49740184,530849.0,55.0,Greed,3803.0,3114181.612
2019-03-11,3872.5066,17583308,68091478390.241905,76384488275.03928,-0.12179218429168122,5025751.507310064,762249.0,56.0,Greed,3803.0,3109769.617
2019-03-12,3882.4272,17585096,68272855199.61316,76351662547.20639,-0.11833117750785098,8343016.991133476,710449.0,56.0,Greed,3803.0,3164374.398
2019-03-13,3868.1091,17586783,68027597470.03789,76344747118.34543,-0.12226140504183983,5421650.68606886,728433.0,54.0,Neutral,3803.0,3261766.827
2019-03-14,3877.8809,17588721,68206965395.7264,76328369074.08667,-0.1190700045258006,5142957.419487169,754397.0,55.0,Greed,4039.0,3271545.724
2019-03-15,3924.6606,17590633,69037266402.9914,76326535558.88423,-0.10558455651101784,7319225.095512732,732220.0,55.0,Greed,4039.0,3355106.754
2019-03-16,4005.9946,17592671,70476145205.73567,76292976944.80693,-0.08253617904456355,8465494.232192922,624234.0,54.0,Neutral,4039.0,4221464.519
2019-03-17,3979.052,17594496,70009414676.73941,76300410330.92252,-0.08985928083002935,3756356.128648986,549122.0,58.0,Greed,4039.0,4346860.88
2019-03-18,3984.0051,17596508,70104579785.36351,76290342774.27794,-0.08823621805954962,5962452.451183026,729520.0,56.0,Greed,4039.0,4350735.529
2019-03-19,4014.275,17598683,70645955387.49397,76306374300.60646,-0.08012375063887263,6820391.909149119,764409.0,56.0,Greed,4039.0,4356082.706
2019-03-20,4054.9812,17600696,71370491569.27733,76312432061.6534,-0.0692434700071957,6228607.7245015055,753347.0,55.0,Greed,4039.0,4345295.297
2019-03-21,3980.7412,17602483,70070931469.79356,76290735340.86127,-0.08876439545760798,11608628.202928452,721365.0,62.0,Greed,4100.0,4351511.382
2019-03-22,3989.1584,17604496,70227123275.56831,76279324771.53802,-0.086180398878381,4388815.835508099,735026.0,56.0,Greed,4100.0,4297952.359
2019-03-23,4007.369,17606308,70554975067.55739,76275519884.352,-0.08107925502513627,2815572.4690112583,593810.0,50.0,Neutral,4100.0,4279631.741
2019-03-24,3991.1096,17608183,70276190384.90126,76272354690.11107,-0.08532284223673678,2576615.1312554334,569880.0,44.0,Fear,4100.0,4242422.517
2019-03-25,3928.5308,17610033,69181559170.45715,76243040391.1322,-0.10207172699412849,4633176.638721928,738507.0,46.0,Fear,4100.0,4229757.118
2019-03-26,3943.3235,17611708,69448664180.54036,76222559953.08609,-0.09753817229567086,10695472.704560349,725012.0,43.0,Fear,4100.0,4164654.744
2019-03-27,4033.7576,17613571,71048876065.79724,76240555801.94997,-0.0730719474203194,4722947.176581964,823614.0,44.0,Fear,4100.0,4269915.205
2019-03-28,4028.5127,17615396,70963846682.70097,76242348192.34341,-0.07438296761510244,3617817.698490172,816964.0,49.0,Neutral,4140.0,4267202.217
2019-03-29,4101.1006,17617233,72250047061.62631,76290894991.69284,-0.055928654643226064,17066181.269598246,809947.0,50.0,Neutral,4140.0,4326560.927
2019-03-30,4118.0386,17618971,72555602855.47856,76297303508.58864,-0.05157011320770174,2249916.115715257,735911.0,57.0,Greed,4140.0,4343857.196
2019-03-31,4101.1143,17620708,72264539789.91838,76232072375.67664,-0.05490289701273051,5988554.02205699,691799.0,56.0,Greed,4140.0,4352511.851
2019-04-01,4151.2285,17622408,73154644590.53284,76246538945.98701,-0.04226518183172623,4950913.6254593525,742925.0,62.0,Greed,4140.0,4385150.458
2019-04-02,4875.0317,17624371,85919367536.80243,76559436619.73074,0.10893854535256539,20208874.809396863,931387.0,60.0,Greed,4140.0,5027523.32
2019-04-03,4928.172,17626146,86864679406.74358,76663355071.03067,0.11743926766764703,15250917.131873704,897707.0,71.0,Greed,4140.0,5374733.473
2019-04-04,4906.0166,17627896,86482750619.7088,76730591294.19043,0.11276421315970406,6069514.026589962,839066.0,61.0,Greed,4089.0,5385338.933
2019-04-05,5012.283,17629871,88365902930.90726,76757138931.26,0.1313715314913274,13279642.664537748,925289.0,59.0,Greed,4089.0,5384904.905
2019-04-06,5057.066,17631608,89164208098.08925,76782107104.63098,0.13886851302303677,3236200.3239210127,716047.0,65.0,Greed,4089.0,5423937.312
2019-04-07,5168.5137,17633371,91138319823.12303,76819054321.62608,0.15711575031542283,3641862.559472815,663859.0,69.0,Greed,4089.0,5568117.924
2019-04-08,5237.3784,17635221,92362325780.16371,76897331825.31786,0.16743833402002975,9250919.647357386,815867.0,65.0,Greed,4089.0,5671743.168
2019-04-09,5171.2163,17636871,91204075028.75916,76943751898.92302,0.15635620585307689,4973167.183000174,809788.0,64.0,Greed,4089.0,5627634.971
2019-04-10,5306.226,17638721,93595040215.57956,77022930593.39508,0.17706183558459473,10367180.933453403,820131.0,62.0,Greed,4089.0,5677909.614
2019-04-11,5027.89,17640683,88695416388.93114,77015448995.0933,0.13168625696079878,6872459.071257284,853807.0,65.0,Greed,4219.0,5491380.876
2019-04-12,5072.635,17642571,89494323372.71342,77066394854.10794,0.13886834438478726,10427109.578674838,807079.0,42.0,Fear,4219.0,5468582.654
2019-04-13,5068.345,17644258,89427189575.118,77092002536.1966,0.1379355327784282,5808488.951778574,634235.0,62.0,Greed,4219.0,5466387.15
2019-04-14,5161.455,17645783,91077917707.11537,77031858412.60753,0.15422025061746122,22369482.747410383,632313.0,51.0,Neutral,4219.0,5459006.743
2019-04-15,5048.7656,17647596,89098575834.55255,77020820579.70554,0.1355549753934815,4273724.9048609445,812394.0,60.0,Greed,4219.0,5528801.562
2019-04-16,5215.5083,17649408,92050636756.39433,77072812839.07639,0.1627128767936253,4351650.909384768,805383.0,50.0,Neutral,4219.0,5435734.122
2019-04-17,5218.9937,17651133,92121154769.06947,77129872519.02583,0.16273441521248821,10436163.399207825,782031.0,61.0,Greed,4219.0,5580144.001
2019-04-18,5272.57,17652996,93076657356.83997,77167542268.15251,0.17092486494970088,5522863.944689218,784146.0,64.0,Greed,4272.0,5615642.682
2019-04-19,5289.22,17654896,93380629258.98877,77369464417.57513,0.17146130807286683,14012376.963663531,828920.0,61.0,Greed,4272.0,5618417.397
2019-04-20,5306.89,17656533,93701281304.47844,77389364598.92982,0.17408424387008878,3641639.751785287,727204.0,62.0,Greed,4272.0,5679282.389
2019-04-21,5301.23,17658558,93612080315.36388,77395609217.61317,0.17323053865612267,4410659.230197309,736169.0,62.0,Greed,4272.0,5633623.649
2019-04-22,5360.41,17660233,94666092496.80534,77435841131.54167,0.1820108014476792,11448536.451314772,684024.0,61.0,Greed,4272.0,5665970.851
2019-04-23,5544.39,17661683,97923261629.90938,77525741817.19629,0.20830106629621223,6484831.296420674,744630.0,68.0,Greed,4272.0,5841478.046
2019-04-24,5455.03,17663721,96356128211.95563,77451037073.13484,0.19620019493970378,23527368.268100284,918384.0,65.0,Greed,4272.0,5749516.012
2019-04-25,5187.55,17665508,91640708852.47144,77403610334.13304,0.15535779564143384,6046583.694563001,793482.0,58.0,Greed,4322.0,5763606.632
2019-04-26,5263.52,17667396,92992692430.63298,77329500361.33156,0.1684346550239443,14674680.117679542,808788.0,41.0,Fear,4322.0,5614506.948
2019-04-27,5261.06,17669108,92958240201.61235,77331475996.61934,0.16810520693056286,4537511.969203056,653097.0,42.0,Fear,4322.0,5576191.607
2019-04-28,5259.84,17671146,92947400813.18748,77337967073.86432,0.1679383565625052,3711144.654875264,637889.0,40.0,Fear,4322.0,5597688.265
2019-04-29,5231.6,17673183,92459027033.87746,77310749428.79764,0.1638377353844467,11093871.450502366,828573.0,42.0,Fear,4322.0,5571698.318
2019-04-30,5301.13,17674933,93697120463.25938,77363564555.39957,0.17432292291484613,3583818.067698505,865426.0,42.0,Fear,4322.0,5417608.951
2019-05-01,5358.35,17677071,94719933633.82771,77144602048.99889,0.18555050569157153,28708177.014234312,802691.0,51.0,Neutral,4322.0,5736627.218
2019-05-02,5443.14,17679371,96231291709.73093,77166478942.33765,0.19811448468238158,5649130.322189566,828841.0,50.0,Neutral,4366.0,5811274.348
2019-05-03,5723.94,17681271,101206534585.15915,77252006787.77705,0.2366895368522456,5281966.568121516,837488.0,63.0,Greed,4366.0,6142385.065
2019-05-04,5804.82,17682921,102646173740.27652,77305956938.46022,0.24686957027676573,4066620.489934759,694252.0,66.0,Greed,4366.0,6188498.364
2019-05-05,5757.43,17684533,101817463967.83029,77361829463.35887,0.24019096087679315,4227883.064976612,652096.0,67.0,Greed,4366.0,6194110.282
2019-05-06,5768.14,17686421,102017752686.34694,77474399100.80215,0.24057924174239753,8798908.615062052,801591.0,57.0,Greed,4366.0,6206111.432
2019-05-07,5796.59,17688008,102530133451.7014,77555022923.76581,0.24358800371307965,11566422.291428674,785306.0,69.0,Greed,4366.0,6445215.097
2019-05-08,5975.09,17689908,105698795647.97897,77661383416.48854,0.265257631930516,7510275.036093519,872619.0,63.0,Greed,4366.0,6490809.618
2019-05-09,6176.41,17691783,109271708805.0028,77760909433.55579,0.2883710680106465,12656367.660070011,856022.0,69.0,Greed,4365.0,6722240.268
2019-05-10,6370.51,17693346,112715637912.95694,77860085847.50171,0.30923439471967445,17900739.50622724,808103.0,71.0,Greed,4365.0,6937081.096
2019-05-11,7255.6,17694971,128387631913.90155,78297029852.11621,0.39015130441362733,14089252.74027727,802405.0,76.0,Extreme Greed,4365.0,7465257.531
2019-05-12,6897.28,17696946,122060792017.06703,78482551363.65964,0.3570207921255673,8927400.331175791,855440.0,75.0,Greed,4365.0,7606676.524
2019-05-13,7788.58,17699033,137850338687.7009,78994966853.4832,0.4269512312737525,20132623.433683667,905136.0,78.0,Extreme Greed,4365.0,7775051.884
2019-05-14,7982.77,17700933,141302481274.7991,79506191013.88603,0.43733336954454644,43030937.424264014,928465.0,78.0,Extreme Greed,4365.0,8301229.801
2019-05-15,8180.21,17702796,144812589235.04346,80062570841.70485,0.4471297608541733,19820654.59277132,906193.0,77.0,Extreme Greed,4365.0,8337690.025
2019-05-16,7912.68,17704621,140091000850.132,80559064230.14944,0.424951897400385,11549167.799616309,912985.0,75.0,Greed,4291.0,8274708.974
2019-05-17,7396.72,17706508,130970085884.76804,80552157907.90659,0.3849575850566432,5695923.383166168,934336.0,65.0,Greed,4291.0,7553441.841
2019-05-18,7279.37,17708421,128906148902.14053,80585538186.64807,0.3748510922638391,4710774.8148453375,887987.0,67.0,Greed,4291.0,7615059.723
2019-05-19,8129.22,17710458,143972213812.9603,80793772286.24265,0.4388238525580716,7017842.316642943,786670.0,70.0,Greed,4291.0,8254833.127
2019-05-20,7992.22,17712471,141561965335.0491,80916723137.87727,0.42840067989757397,13126436.88588295,869875.0,73.0,Greed,4291.0,8216919.239
2019-05-21,7985.62,17714383,141460335524.40225,81054966344.18874,0.4270127662025335,11668013.76915791,919192.0,68.0,Greed,4291.0,8125592.702
2019-05-22,7636.83,17716471,135297677570.37636,81091186157.03384,0.40064613367178087,14361048.607822904,912107.0,69.0,Greed,4291.0,8130995.829
2019-05-23,7867.67,17718446,139402886394.64777,81220624131.33589,0.4173677014018106,6845000.026244499,870437.0,65.0,Greed,4444.0,7909352.382
2019-05-24,7982.58,17720358,141454179713.92554,81398189341.45924,0.4245614409833805,6325863.594139652,897989.0,64.0,Greed,4444.0,8232509.268
2019-05-25,8048.82,17722108,142642061698.94452,81507201533.14563,0.4285892915290866,7375835.796627059,749293.0,69.0,Greed,4444.0,8281350.313
2019-05-26,8671.58,17724171,153696567150.16153,81712435219.74236,0.46835224276733967,6453666.841290712,705386.0,67.0,Greed,4444.0,8253054.369
2019-05-27,8793.35,17726258,155873195576.4328,81957455004.26382,0.47420430625562054,9157881.274008246,920997.0,70.0,Greed,4444.0,9019370.122
2019-05-28,8695.5,17728308,154156506952.80725,82180990896.52307,0.4668989812951485,9119414.558444845,985719.0,71.0,Greed,4444.0,9008758.152
2019-05-29,8637.09,17730483,153139782121.44543,83380253007.6298,0.4555284599954163,38137505.86799948,932901.0,71.0,Greed,4444.0,8853169.878
2019-05-30,8345.53,17732483,147986973399.07327,83440539554.97879,0.4361629430046759,5282779.405774592,887741.0,73.0,Greed,4491.0,8829924.67
2019-05-31,8545.74,17733946,151549692074.36218,83624035384.4824,0.44820715740253775,7576191.130400424,791688.0,61.0,Greed,4491.0,8496763.821
2019-06-01,8577.74,17735833,152133368832.0513,83722208352.72058,0.4496788640423371,4268067.359501805,881660.0,62.0,Greed,4491.0,8700483.868
2019-06-02,8741.92,17737471,155059552877.46487,83825851118.70639,0.4593957639943061,3934835.805791741,731098.0,63.0,Greed,4491.0,8852668.39
2019-06-03,8131.88,17738958,144251082212.68994,83958712812.1586,0.4179682292548329,22917330.96293317,758320.0,66.0,Greed,4491.0,8709062.054
2019-06-04,7786.13,17740883,138132825596.01572,83571270541.0225,0.39499340449723613,29574603.500984315,939577.0,42.0,Fear,4491.0,8122356.71
2019-06-05,7800.41,17742883,138401766233.03793,83556432707.69571,0.3962762544012251,33535260.90289167,908415.0,27.0,Fear,4491.0,7968413.164
2019-06-06,7822.3,17744846,138805509217.58737,83576996490.27641,0.3978841548769969,7655880.002019895,852883.0,34.0,Fear,4525.0,7452226.018
2019-06-07,8012.41,17746821,142194806408.94708,83684883310.52602,0.4114772161941601,4563550.683860354,888602.0,27.0,Fear,4525.0,7639539.477
2019-06-08,7944.93,17748371,141009565566.33234,83715930765.45984,0.4063102710143518,3403347.6596812834,661535.0,62.0,Greed,4525.0,7678299.265
2019-06-09,7653.62,17750208,135853351123.97144,83739477253.98174,0.38360388933235645,6591394.481785416,610433.0,62.0,Greed,4525.0,7607681.786
2019-06-10,8001.98,17752171,142052517658.448,83919693298.11188,0.40923473457972115,11905674.45191978,833904.0,46.0,Fear,4525.0,7555879.332
2019-06-11,7918.51,17753958,140584898277.9492,83978262758.65508,0.40265089787508773,6905004.91377059,869309.0,61.0,Greed,4525.0,7549393.736
2019-06-12,8147.33,17755596,144660700325.08475,84103964145.71405,0.4186122149504755,7867168.841602018,824197.0,60.0,Greed,4525.0,7609283.192
2019-06-13,8244.82,17757483,146407255481.2591,84200951058.24556,0.424885393954921,4014352.697736727,926412.0,63.0,Greed,4521.0,7729344.121
2019-06-14,8678.71,17759596,154130383791.46216,84467663557.12741,0.45197266444614936,26762833.36674505,1060602.0,67.0,Greed,4521.0,7897390.401
2019-06-15,8810.06,17761421,156479185091.46927,84582323994.7376,0.459465973411765,3660476.574487687,893180.0,75.0,Greed,4521.0,8264902.622
2019-06-16,8983.21,17763046,159569172861.65625,84763348216.8693,0.4687987241097147,8268100.575751357,723849.0,80.0,Extreme Greed,4521.0,8659187.571
2019-06-17,9317.54,17764708,165523382456.1219,85056136538.30525,0.4861382405543064,9316605.79402729,823860.0,84.0,Extreme Greed,4521.0,8824366.134
2019-06-18,9102.46,17766746,161721095204.5192,85170918633.57018,0.47334688448739787,7229173.828603004,982557.0,83.0,Extreme Greed,4521.0,8721472.287
2019-06-19,9285.56,17768958,164994730706.85364,85433148689.68503,0.48220680549202377,17844121.310593814,940654.0,82.0,Extreme Greed,4521.0,8700573.857
2019-06-20,9585.65,17770758,170344271646.6144,85658356030.00758,0.49714566153589795,6223970.855535192,851976.0,81.0,Extreme Greed,4569.0,8845960.888
2019-06-21,10103.72,17772421,179567565960.50824,85978535649.76836,0.521191172860931,13222408.706476128,867237.0,84.0,Extreme Greed,4569.0,9327577.053
2019-06-22,10687.02,17774183,189953055028.79065,86455151521.13257,0.5448604313943316,13785120.288242022,875146.0,83.0,Extreme Greed,4569.0,10187391.73
2019-06-23,10866.76,17776446,193172372823.66397,86699590074.02698,0.5511801775444872,7880478.229011636,932668.0,84.0,Extreme Greed,4569.0,10192364.84
2019-06-24,11042.99,17778658,196329548525.54443,87076613193.60327,0.5564772911283208,10458072.895842103,1002172.0,80.0,Extreme Greed,4569.0,10341298.67
2019-06-25,11813.16,17780483,210043696994.12582,87615309089.24905,0.5828710390119474,18241174.283066023,942990.0,87.0,Extreme Greed,4569.0,10751923.3
2019-06-26,13025.63,17782546,231628865239.77347,88954417356.59692,0.615961433543636,30069742.02846366,1067038.0,95.0,Extreme Greed,4569.0,11999538.44
2019-06-27,11406.47,17784321,202856324469.84598,89197044486.88326,0.5602944856661733,22838221.50798426,921095.0,92.0,Extreme Greed,4580.0,11198410.86
2019-06-28,12386.92,17786358,220318200387.88916,90040433233.13144,0.5913164092907099,29909593.989720188,1039984.0,62.0,Greed,4580.0,11205917.35
2019-06-29,11956.07,17788533,212680952261.0378,90305550367.33185,0.5753942729366112,9026279.679574763,892393.0,74.0,Greed,4580.0,11265624.02
2019-06-30,10805.73,17790433,192238621469.9143,90571359316.98798,0.5288597128690784,33541261.47193622,710855.0,78.0,Extreme Greed,4580.0,10937239.7
2019-07-01,10612.56,17792221,188821013373.03198,90617431824.7759,0.5200882030764582,6253864.455004205,862809.0,65.0,Greed,4580.0,10323505.57
2019-07-02,10820.97,17794196,192550461576.76468,90806994241.13971,0.5283989791687027,10928419.648156842,925034.0,63.0,Greed,4580.0,9749413.639
2019-07-03,11988.68,17796346,213354697902.43936,91242817677.39801,0.5723421205418191,11101463.998509817,928004.0,79.0,Extreme Greed,4580.0,10684691.4
2019-07-04,11251.24,17798433,200254447438.53494,91510822870.90791,0.543027263357056,19032496.43487671,853837.0,76.0,Extreme Greed,4578.0,11100353.72
2019-07-05,11059.74,17800796,196872176050.42273,91559091609.24966,0.534931276495874,9852769.699060226,854082.0,67.0,Greed,4578.0,10545275.73
2019-07-06,11171.12,17803021,198879684455.91177,91657221765.84946,0.5391323049581351,2354061.098082133,711108.0,72.0,Greed,4578.0,10741036.08
2019-07-07,11452.14,17804933,203904591647.71988,91763536504.14268,0.5499682681855448,3592026.435430095,637489.0,67.0,Greed,4578.0,10630070.06
2019-07-08,12292.13,17807158,218887907765.41122,92229071311.91766,0.5786470241619636,9072598.481978104,863272.0,74.0,Greed,4578.0,11199080.79
2019-07-09,12566.38,17809083,223795711277.8699,92607682695.46375,0.5861954540295908,9759175.02918385,846357.0,84.0,Extreme Greed,4578.0,11897239.2
2019-07-10,12018.83,17810696,214063727946.19528,93213699296.60074,0.5645516398741317,15897274.063067544,820440.0,83.0,Extreme Greed,4578.0,12254677.44
2019-07-11,11308.86,17812308,201436903611.89627,93271727702.42894,0.5369680230880962,13344060.402395869,804123.0,62.0,Greed,4589.0,10981595.59
2019-07-12,11794.45,17814358,210110561140.7494,93595917700.97105,0.5545396804767334,8147994.718321457,940406.0,33.0,Fear,4589.0,11015868.89
2019-07-13,11375.51,17816121,202667463108.29367,93644901618.9668,0.5379381565114454,3643622.58336802,687624.0,65.0,Greed,4589.0,10824448.14
2019-07-14,10112.27,17817933,180179754848.81778,93546318122.12593,0.4808167088438032,4387521.972699913,625446.0,61.0,Greed,4589.0,10197821.58
2019-07-15,10954.35,17819758,195203872017.1181,93687529003.3212,0.5200529168032824,6128853.082886741,791104.0,16.0,Extreme Fear,4589.0,9810573.614
2019-07-16,9589.44,17821783,170900923997.49988,93548201056.0686,0.452617347712894,9018815.9277557,819215.0,34.0,Fear,4589.0,10128924.39
2019-07-17,9669.8,17823446,172349158565.67383,93716929007.21564,0.45623796607336087,21808415.8825291,768199.0,19.0,Extreme Fear,4589.0,8693538.633
2019-07-18,10581.32,17824958,188611590351.08704,94101032117.5842,0.5010856334840196,11966763.722296596,764256.0,40.0,Fear,4576.0,8995478.009
2019-07-19,10538.11,17826433,187856917604.6088,94256515087.66963,0.4982536906835887,17336784.801653147,763382.0,42.0,Fear,4576.0,9614976.159
2019-07-20,10770.97,17828646,192031811691.01605,94387728120.76787,0.5084786875174616,10161856.695226235,750063.0,34.0,Fear,4576.0,9833918.003
2019-07-21,10589.45,17830508,188815278711.55768,94504264424.25008,0.4994882560927771,5971365.660273477,569001.0,42.0,Fear,4576.0,9724350.969
2019-07-22,10330.14,17832483,184212051567.2609,94514022833.16875,0.486928124251094,4832910.831293258,731341.0,42.0,Fear,4576.0,9664473.43
2019-07-23,9910.68,17834271,176749753359.9868,94460977219.78749,0.46556656841608984,3659320.440621664,737011.0,40.0,Fear,4576.0,9168635.567
2019-07-24,9748.12,17836008,173867551617.41608,94757072728.35654,0.45500427281070166,47009094.48735495,741865.0,20.0,Extreme Fear,4576.0,8828774.685
2019-07-25,9875.04,17837883,176149813521.94397,94831353876.98717,0.4616437452817769,9647733.049393762,802462.0,42.0,Fear,4606.0,9138937.66
2019-07-26,10150.07,17839958,181076828028.56772,94895777037.77042,0.47593638528503984,6682967.395768522,777937.0,24.0,Extreme Fear,4606.0,8914475.99
2019-07-27,9415.51,17841858,167990197548.77283,94883155758.11243,0.4351863552600153,4351581.153557189,610543.0,47.0,Neutral,4606.0,8656776.635
2019-07-28,9534.21,17844046,170128882242.436,94907336246.27724,0.44214447896605247,1941962.7035588,556661.0,16.0,Extreme Fear,4606.0,8662465.096
2019-07-29,9529.05,17846146,170056817969.84396,96650281772.4582,0.43165888362325394,262251865.59649384,753702.0,19.0,Extreme Fear,4606.0,8688982.454
2019-07-30,9576.18,17847921,170914904552.44354,96698460037.65747,0.43423038329587865,6109521.80821386,770270.0,22.0,Extreme Fear,4606.0,8662535.823
2019-07-31,10110.28,17850058,180469089906.06326,96809056345.16248,0.463569875619404,4372673.880790946,804228.0,31.0,Fear,4606.0,8892461.306
2019-08-01,10389.89,17851833,185478586830.57297,96949372000.72186,0.4773015383749871,8585066.726886638,784671.0,57.0,Greed,4600.0,8393708.672
2019-08-02,10521.34,17853946,187847436680.8096,97077097359.88713,0.48321308464357404,4023546.8988627065,803424.0,61.0,Greed,4600.0,8755916.584
2019-08-03,10795.27,17856108,192761512892.2839,97186274733.66388,0.4958211663965718,2218165.3264054386,653484.0,61.0,Greed,4600.0,9024014.134
2019-08-04,10956.3,17858196,195659753327.5308,97292807947.38924,0.5027449115479417,7632876.999656116,609533.0,62.0,Greed,4600.0,9039951.676
2019-08-05,11754.11,17859983,209928211185.7952,97852326219.46188,0.5338771970344733,30953196.28674947,820648.0,64.0,Greed,4600.0,9824750.166
2019-08-06,11502.92,17861996,205465111545.63358,98216942702.99178,0.5219775174279264,20523550.56613077,885062.0,66.0,Greed,4600.0,9808172.606
2019-08-07,11934.36,17863908,213194315582.7765,98550486915.20232,0.5377433650338659,10386895.353601428,871200.0,45.0,Fear,4600.0,9756862.986
2019-08-08,11997.13,17865683,214336928027.89438,98879920874.43814,0.5386706258028965,10937834.037874984,846611.0,61.0,Greed,4774.0,9854130.861
2019-08-09,11857.87,17867521,211870741773.54654,99024774396.44215,0.5326170401466633,4182767.697077934,773649.0,60.0,Greed,4774.0,9856834.757
2019-08-10,11326.49,17869408,202397677190.5441,99059988972.31145,0.5105675601254407,4437363.9644643925,639080.0,59.0,Greed,4774.0,9557725.387
2019-08-11,11502.98,17871321,205573448553.89627,99185395729.5408,0.5175184517881118,6900458.574954255,573508.0,45.0,Fear,4774.0,9508626.099
2019-08-12,11371.38,17872983,203240487623.6279,99290264470.5858,0.5114641495327591,5237328.906879664,683471.0,48.0,Neutral,4774.0,9498451.666
2019-08-13,10870.76,17874946,194314248467.84387,99410801156.1761,0.4884018956920335,9842207.502946656,916637.0,45.0,Fear,4774.0,9398759.715
2019-08-14,10039.25,17876846,179470126656.9889,99454363521.39912,0.44584446796830635,9253548.818586543,787817.0,11.0,Extreme Fear,4774.0,8805277.919
2019-08-15,10316.64,17878808,184449231387.40375,99487808265.6262,0.46062226707429726,3953888.987648079,740777.0,13.0,Extreme Fear,4796.0,8422286.623
2019-08-16,10301.09,17880646,184190144167.40445,99549249197.1927,0.45952998925547495,4306455.760918107,716590.0,31.0,Fear,4796.0,8656231.904
2019-08-17,10258.85,17882246,183451279838.4648,99553023263.3861,0.4573326315790984,2729311.9996576654,597735.0,20.0,Extreme Fear,4796.0,8670926.563
2019-08-18,10312.22,17883821,184421897056.38498,99592215968.65282,0.45997618743611784,1989863.935602288,559206.0,14.0,Extreme Fear,4796.0,8686555.978
2019-08-19,10921.27,17885858,195336290351.4504,99694072058.06642,0.4896285176774057,7085330.806257736,727138.0,30.0,Fear,4796.0,8958551.615
2019-08-20,10733.74,17887771,192002683576.26175,99840813659.52104,0.4800030301666843,6601716.732248792,776189.0,39.0,Fear,4796.0,9007653.018
2019-08-21,10179.99,17889471,182114636343.10828,99817220053.77864,0.45189896837439997,5861881.783117899,791958.0,11.0,Extreme Fear,4796.0,8517872.073
2019-08-22,10101.93,17891233,180735988884.96274,99817578341.06647,0.44771609153836156,3615866.5833154814,848259.0,5.0,Extreme Fear,4819.0,8499567.057
2019-08-23,10397.11,17893146,186037007675.6427,100248357676.52989,0.4611375503775364,17133204.4961806,815080.0,33.0,Fear,4819.0,8593948.291
2019-08-24,10157.82,17895146,181775672398.54126,100271285479.48329,0.4483789598663151,2877717.0862817904,726337.0,39.0,Fear,4819.0,8514651.849
2019-08-25,10128.11,17897083,181263630822.67014,100307942257.16998,0.4466184871067652,4744377.939420869,546990.0,33.0,Fear,4819.0,8391283.926
2019-08-26,10338.72,17898796,185050640646.07675,100403697142.91803,0.45742583331582387,5639941.243559204,771525.0,41.0,Fear,4819.0,8583596.633
2019-08-27,10217.53,17900483,182898727635.26157,100479294235.39584,0.45062879586689836,11695214.006584082,753395.0,30.0,Fear,4819.0,8477959.569
2019-08-28,9745.63,17902371,174469884327.01407,100467874843.67068,0.42415348510599815,5147955.66037756,738073.0,32.0,Fear,4819.0,8479233.48
2019-08-29,9505.68,17904433,170193815859.77298,100396509351.67982,0.41010483345411874,4777054.96535086,761717.0,20.0,Extreme Fear,4836.0,7929870.133
2019-08-30,9590.36,17906433,171729144012.36124,100406344812.0928,0.415321462239016,3396302.3990338733,756677.0,24.0,Extreme Fear,4836.0,8007542.227
2019-08-31,9603.24,17908508,171979705599.42047,100411275449.20992,0.41614462532520885,2073373.4730263816,636292.0,20.0,Extreme Fear,4836.0,8042723.258
2019-09-01,9708.46,17910296,173881392740.77246,100470824155.84874,0.4221876040202092,3355141.122040296,591637.0,24.0,Extreme Fear,4836.0,8039306.811
2019-09-02,10335.94,17912158,185138995991.32175,100615656242.21538,0.45653990558028273,5371466.105554098,750534.0,28.0,Fear,4836.0,8173364.449
2019-09-03,10598.83,17914208,189869650952.7095,100775913802.20203,0.46923632451769715,6700283.431393753,825786.0,41.0,Fear,4836.0,8667334.854
2019-09-04,10539.11,17915908,188817730905.40378,100870750605.69847,0.4657771273809347,7585784.764889493,770403.0,43.0,Fear,4836.0,8798199.676
2019-09-05,10576.05,17917971,189501357670.18002,100977848804.64386,0.46713918018259265,9214768.738887634,762227.0,41.0,Fear,4809.0,8793733.762
2019-09-06,10315.02,17919946,184844601852.8109,101791311207.6407,0.4493141255556078,89962768.02973711,816899.0,43.0,Fear,4809.0,8857879.712
2019-09-07,10466.55,17921821,187579636058.25555,101869391456.1921,0.456927235829826,2971076.7113397573,643202.0,39.0,Fear,4809.0,8639847.964
2019-09-08,10392.19,17924033,186269962165.72644,101927999322.53496,0.45279422330129376,3063268.713114682,593894.0,43.0,Fear,4809.0,8707908.502
2019-09-09,10312.41,17925858,184858802917.7585,101964334451.71114,0.4484204547344502,7582023.467599683,790664.0,41.0,Fear,4809.0,8624030.483
2019-09-10,10095.85,17928133,180999747050.0093,101971103101.0466,0.43662295244604676,3821638.6357714105,832883.0,41.0,Fear,4809.0,8569659.05
2019-09-11,10157.59,17930433,182129992472.0759,102289711748.69405,0.4383697579937194,18535782.83101801,821400.0,38.0,Fear,4809.0,8337783.57
2019-09-12,10416.93,17932408,186800644544.37906,102375283800.89664,0.4519543331844613,6493979.349905876,775111.0,39.0,Fear,4844.0,8382409.377
2019-09-13,10360.08,17934283,185800612268.59735,102446204175.99753,0.4486228924375174,4489063.079060597,783394.0,38.0,Fear,4844.0,8466702.974
2019-09-14,10347.6,17936221,185596840884.95612,102493979271.68379,0.44776010850736614,3205290.017050161,682788.0,39.0,Fear,4844.0,8468833.117
2019-09-15,10309.61,17938058,184934387755.8326,102531009873.69867,0.44558169457878466,4650483.35833415,587576.0,38.0,Fear,4844.0,8488178.516
2019-09-16,10228.45,17940096,183499375391.19766,102558720222.48993,0.44109499008458425,3800282.429589064,801535.0,38.0,Fear,4844.0,8505815.575
2019-09-17,10209.77,17941946,183183142471.57758,102603264894.75984,0.4398869704362692,6763967.24383431,808713.0,41.0,Fear,4844.0,8430281.49
2019-09-18,10154.23,17944121,182208732238.4898,102743325201.42403,0.4361229347288082,14545858.360013071,887035.0,38.0,Fear,4844.0,8406900.299
2019-09-19,10256.56,17945971,184063928781.02182,102789055537.00362,0.44155785319952473,4354265.851953258,758469.0,31.0,Fear,4824.0,8139593.005
2019-09-20,10177.38,17947858,182662176598.4309,102818072515.22295,0.4371135041204465,5907017.664040956,758288.0,41.0,Fear,4824.0,8378586.384
2019-09-21,9989.05,17949933,179302783677.40625,102834010575.63011,0.42647844909845584,3449379.399770922,673285.0,37.0,Fear,4824.0,8289934.426
2019-09-22,10026.91,17952008,180003173999.6689,102860345139.2452,0.4285637144407554,1479330.9321353342,625449.0,37.0,Fear,4824.0,8252108.019
2019-09-23,9696.57,17953433,174086725109.17273,102822945895.9663,0.40935791725943327,5939145.548710287,745122.0,41.0,Fear,4824.0,8160475.525
2019-09-24,8681.79,17955396,155884977829.2807,102592652985.53583,0.3418695347418826,33089664.153443918,863866.0,39.0,Fear,4824.0,7967748.606
2019-09-25,8462.76,17957346,151968709815.55038,102366330958.42998,0.3263986311216599,10367877.599804698,825103.0,15.0,Extreme Fear,4824.0,6937855.645
2019-09-26,8095.18,17959483,145385252003.58945,102012008374.26833,0.29833317363063944,10338689.868511304,773419.0,12.0,Extreme Fear,4847.0,6907547.63
2019-09-27,8182.78,17961133,146972004349.12903,102019053508.94003,0.3058606367876985,7264463.516518171,721178.0,24.0,Extreme Fear,4847.0,6620116.479
2019-09-28,8246.69,17963121,148136290690.36322,101966099547.2605,0.3116737359085653,4990249.433770139,652682.0,32.0,Fear,4847.0,6719638.181
2019-09-29,8053.96,17964821,144687950103.3657,101939308939.8152,0.2954540522069093,3082874.467781336,581939.0,33.0,Fear,4847.0,6600644.808
2019-09-30,8279.07,17966446,148745464457.5494,101923728176.71533,0.31477757289330033,7149460.951898383,759048.0,27.0,Fear,4847.0,6539465.387
2019-10-01,8316.5,17968233,149432814276.76273,101847186520.26488,0.3184416219878258,3991450.599194906,792546.0,38.0,Fear,4847.0,6765846.568
2019-10-02,8377.69,17970083,150547789213.8796,101843804443.28998,0.32351179000972946,3348622.851856264,734492.0,39.0,Fear,4847.0,6658462.017
2019-10-03,8268.5,17971921,148600829160.35406,101800990832.27377,0.3149365894693557,3682906.4481687057,723661.0,37.0,Fear,4830.0,6657658.932
2019-10-04,8149.69,17973758,146480560276.3759,101772166664.58989,0.30521724881056783,4161248.9930719305,733685.0,30.0,Fear,4830.0,6590124.916
2019-10-05,8157.7,17975733,146640641539.8211,101777505373.30376,0.30593930642573264,1970303.9943345804,658270.0,31.0,Fear,4830.0,6545428.213
2019-10-06,7872.74,17977596,141532939487.0958,101739943174.06317,0.2811571388062687,2210579.9412897774,584930.0,32.0,Fear,4830.0,6469991.765
2019-10-07,8200.58,17979533,147442603198.22952,101758771533.18849,0.3098414615185633,7039457.265810955,760241.0,27.0,Fear,4830.0,6462261.347
2019-10-08,8180.54,17981558,147098858939.48828,101767145302.37381,0.3081717558105768,11653751.283793695,743943.0,39.0,Fear,4830.0,6630554.908
2019-10-09,8557.25,17983283,153887453115.2148,101808060450.6761,0.33842520368146656,3254215.2529924023,720117.0,37.0,Fear,4830.0,6645038.436
2019-10-10,8565.77,17985308,154058016375.268,101816925995.23018,0.3391001105244949,3711699.175449433,756672.0,41.0,Fear,4801.0,6905972.095
2019-10-11,8290.94,17987258,149131281360.85324,101780791619.15504,0.31750877018969703,5360000.2103081895,751493.0,39.0,Fear,4801.0,6780213.656
2019-10-12,8296.7,17988921,149248681233.8223,101799704746.66241,0.31791889948309393,3157184.285404816,614227.0,38.0,Fear,4801.0,6760721.397
2019-10-13,8255.0,17990696,148513195851.24692,101795797328.09247,0.3145673234986291,1313012.06664417,564137.0,38.0,Fear,4801.0,6765447.232
2019-10-14,8361.53,17992383,150443854782.79285,102272524105.28241,0.32019473807726495,77852216.3297423,714529.0,37.0,Fear,4801.0,6757067.584
2019-10-15,8174.54,17994296,147095092791.46844,102194333119.53662,0.305249881691064,14826716.76758496,732096.0,39.0,Fear,4801.0,6749785.552
2019-10-16,8001.68,17996083,143998901780.13452,102138217309.78107,0.290701414752931,6130124.151610762,763139.0,40.0,Fear,4801.0,6513257.128
2019-10-17,8063.82,17997958,145132298074.1191,102118222267.60431,0.29637838287758317,8017229.057062573,751155.0,40.0,Fear,4786.0,6532349.703
2019-10-18,7956.88,17999958,143223510147.31976,102088840852.94066,0.28720612455362926,9746707.809832787,699255.0,40.0,Fear,4786.0,6435455.232
2019-10-19,7942.52,18001733,142979128715.61395,102098435527.74548,0.2859207043370668,2637574.111652328,654735.0,41.0,Fear,4786.0,6462358.994
2019-10-20,8208.36,18003558,147779689818.2094,102127870523.08974,0.30891808848210517,3491418.9364834274,593306.0,37.0,Fear,4786.0,6497274.558
2019-10-21,8205.3,18005546,147740906962.8118,102097577700.72873,0.3089417156046839,34582924.71035996,763038.0,37.0,Fear,4786.0,6696622.288
2019-10-22,8037.43,18007658,144735295019.11728,102067248576.44377,0.29480056289682294,3724999.9816084295,749792.0,39.0,Fear,4786.0,6679880.636
2019-10-23,7470.41,18009758,134540280331.94705,101873556158.65443,0.24280255766299152,5811485.869542241,768722.0,33.0,Fear,4786.0,6527879.361
2019-10-24,7435.01,18011421,133915095583.58003,101684534239.59982,0.24067907507756842,9502583.807248622,732414.0,20.0,Extreme Fear,4835.0,6115939.288
2019-10-25,8651.35,18013146,155838031036.17172,101898536362.47765,0.34612536051083787,12738947.398356574,806794.0,24.0,Extreme Fear,4835.0,6238530.867
2019-10-26,9220.18,18014896,166100584215.93335,102203134119.73167,0.3846913025491469,7809174.890848417,783057.0,53.0,Neutral,4835.0,7512153.923
2019-10-27,9529.95,18016333,171694757866.90945,102302524519.21196,0.40416046599097355,4924939.791287006,608889.0,50.0,Neutral,4835.0,7653650.35
2019-10-28,9217.14,18018008,166074507280.20663,102488989572.82375,0.3828734388481383,13936915.516747428,770522.0,52.0,Neutral,4835.0,7702685.2
2019-10-29,9395.56,18019671,169304900483.3006,102646973531.46782,0.3937152838550446,10457679.404057711,745317.0,54.0,Neutral,4835.0,7692468.177
2019-10-30,9180.6,18021346,165446769500.47336,102676405317.6446,0.3793991528051514,4909034.195736777,745381.0,53.0,Neutral,4835.0,7547551.428
2019-10-31,9159.78,18022996,165086678712.81705,102718051420.26804,0.3777932161385643,13528228.559756868,721479.0,50.0,Neutral,4847.0,7514751.528
2019-11-01,9252.84,18024621,166778934589.76215,102889964317.09055,0.3830757789035155,36236533.98284004,811229.0,49.0,Neutral,4847.0,7498849.985
2019-11-02,9315.17,18026296,167918012129.2453,102932856758.35329,0.3870052685049261,4677428.889203133,649866.0,51.0,Neutral,4847.0,7588509.839
2019-11-03,9212.14,18028021,166076653789.23178,102943649291.03435,0.3801437652899706,3784490.516173592,650360.0,56.0,Greed,4847.0,7508336.537
2019-11-04,9371.13,18029671,168958391219.67194,103013621728.03143,0.3903018312118168,4830211.823360448,760820.0,49.0,Neutral,4847.0,7509156.238
2019-11-05,9309.31,18031471,167860553713.67172,102745945704.99005,0.3879089313606755,32136242.07804989,811465.0,54.0,Neutral,4847.0,7598304.342
2019-11-06,9340.05,18033121,168430252216.09418,102776012761.77975,0.3898007548553733,20699542.376059547,854864.0,53.0,Neutral,4847.0,7586423.729
2019-11-07,9204.6,18034808,166003198733.0527,102815447012.8894,0.3806417719803977,10659057.749515671,803598.0,54.0,Neutral,4811.0,7506135.004
2019-11-08,8781.77,18036408,158391591467.98203,102732743902.21445,0.35140026721064105,5193714.616911315,740142.0,42.0,Fear,4811.0,7348629.25
2019-11-09,8812.28,18038208,158957744396.68915,102730089834.94412,0.35372705353332984,2356401.195051688,747618.0,38.0,Fear,4811.0,7172307.628
2019-11-10,9020.47,18040283,162731836508.9169,102768517410.86389,0.36847933621622536,1692162.694309672,608540.0,39.0,Fear,4811.0,7208885.226
2019-11-11,8729.92,18042171,157506709848.9252,102769587458.1376,0.3475224797933338,5355424.898365212,721190.0,40.0,Fear,4811.0,7118530.476
2019-11-12,8786.85,18043858,158548678455.89047,102764292798.08455,0.35184390182934,5485678.504123935,697597.0,39.0,Fear,4811.0,7134681.65
2019-11-13,8770.78,18045546,158273514340.32278,102990663885.0978,0.3492868069913121,36884358.04523843,778776.0,38.0,Fear,4811.0,7148730.337
2019-11-14,8651.98,18047658,156147980777.93005,102978175940.31555,0.3405090771761649,3894622.1166462367,770964.0,41.0,Fear,4817.0,7088050.782
2019-11-15,8478.49,18049633,153033637514.7128,102960467708.98508,0.3272036829217605,7737083.909985209,783649.0,38.0,Fear,4817.0,7039257.736
2019-11-16,8500.14,18051483,153440137339.96146,102959647578.04314,0.3289914271262278,1506732.7987142808,703108.0,41.0,Fear,4817.0,6973120.895
2019-11-17,8508.5,18053408,153607426604.89743,102972242538.5253,0.32964020806502947,1949623.9109756092,618290.0,38.0,Fear,4817.0,7012063.595
2019-11-18,8191.42,18055158,147897386808.45758,102907440362.90163,0.3041970342844704,14536162.611558463,706583.0,38.0,Fear,4817.0,6979636.935
2019-11-19,8130.13,18056996,146805725255.11124,102880104412.044,0.2992091811592198,5718231.712421718,850199.0,32.0,Fear,4817.0,6704434.079
2019-11-20,8094.46,18058771,146175999872.68707,102835684942.89975,0.29649405488954994,4357675.668930559,721713.0,32.0,Fear,4817.0,6691233.938
2019-11-21,7655.09,18060483,138254626980.28256,102678990945.6229,0.2573196775521542,8563970.811339369,810934.0,30.0,Fear,4894.0,6568384.508
2019-11-22,7295.6,18062133,131774101490.70044,102421602090.90552,0.22274862107002405,24494936.088594887,823718.0,20.0,Extreme Fear,4894.0,6069735.701
2019-11-23,7309.69,18064296,132044404156.97409,102302777093.61801,0.22523958704072988,13730804.959731366,692979.0,23.0,Extreme Fear,4894.0,5985139.844
2019-11-24,6935.11,18065933,125289236387.07333,102283429466.33885,0.18362157503825363,23948642.453552656,579123.0,21.0,Extreme Fear,4894.0,5984114.301
2019-11-25,7130.38,18067496,128828112449.1501,102191932957.86732,0.2067575080073953,12963250.879374476,682392.0,17.0,Extreme Fear,4894.0,5840510.052
2019-11-26,7157.7,18069021,129332631933.59874,102075917826.74814,0.210748932418267,8906838.828168996,799457.0,21.0,Extreme Fear,4894.0,5939273.169
2019-11-27,7514.98,18070758,135801389050.29646,102040801798.22733,0.24860266517277893,11578243.184668347,845211.0,20.0,Extreme Fear,4894.0,5986081.826
2019-11-28,7439.6,18072796,134454373456.17645,102019866046.34294,0.24123058682360446,2692420.2347983154,722124.0,32.0,Fear,4986.0,6231867.1
2019-11-29,7734.77,18074496,139802069773.77097,102034468244.92726,0.27015051772809656,4518151.953919826,750134.0,31.0,Fear,4986.0,6249722.361
2019-11-30,7524.02,18076071,136004720063.79303,101974668457.38069,0.2502122837387595,7419424.593014011,693647.0,38.0,Fear,4986.0,6363664.429
2019-12-01,7405.22,18077808,133870149393.40031,101952458258.13121,0.23842276474551108,3098697.6312324163,626684.0,25.0,Extreme Fear,4986.0,6075962.441
2019-12-02,7319.87,18079621,132340475698.46191,101882373277.70154,0.23014956127374994,6338797.105414655,754563.0,28.0,Fear,4986.0,6022416.24
2019-12-03,7286.29,18081596,131747752446.52174,101808673674.4591,0.22724546124014774,7464803.473693578,772416.0,28.0,Fear,4986.0,6083154.999
2019-12-04,7218.21,18083683,130531825401.15501,101738473194.52412,0.22058491956380863,10235618.262788568,782018.0,24.0,Extreme Fear,4986.0,6071259.315
2019-12-05,7375.55,18085496,133390480354.49597,101711379833.30879,0.2374914644358234,4662561.866867965,750875.0,21.0,Extreme Fear,4986.0,6194374.601
2019-12-06,7540.49,18087308,136387169210.27872,101682875011.71991,0.2544542452160767,7149885.621292885,764220.0,29.0,Fear,4986.0,6274688.495
2019-12-07,7494.62,18089246,135572025193.57083,101689158188.38556,0.2499252110220161,1850643.3555984336,680070.0,32.0,Fear,4986.0,6394081.852
2019-12-08,7507.97,18091096,135827406372.77122,101696130775.7663,0.2512841591286329,2183950.2653295626,610741.0,28.0,Fear,4986.0,6403980.334
2019-12-09,7347.91,18092946,132945339173.31293,101663730642.97087,0.23529676726434226,4578769.315858618,802840.0,32.0,Fear,4986.0,6315361.452
2019-12-10,7226.27,18094796,130757881815.90251,101616715374.24689,0.22286355542745978,3687329.131212124,821791.0,26.0,Fear,4986.0,6204955.389
2019-12-11,7197.42,18096446,130247722693.00505,101569476402.78769,0.2201823240918555,7198984.506197108,808846.0,20.0,Extreme Fear,4986.0,6154449.24
2019-12-12,7207.68,18098108,130445374997.42647,101529303600.82736,0.22167187910778427,5519712.417982525,741807.0,23.0,Extreme Fear,5026.0,6104994.785
2019-12-13,7239.87,18100008,131041708864.48912,101531030919.2574,0.22520064947984506,4463216.805039006,749138.0,22.0,Extreme Fear,5026.0,6155275.022
2019-12-14,7046.13,18101896,127548312779.36118,101502287182.40863,0.20420517550873554,3779042.745369725,650993.0,27.0,Fear,5026.0,6124694.183
2019-12-15,7108.88,18103446,128695225520.1832,101507976654.4405,0.21125297194089715,4051321.45507891,661886.0,21.0,Extreme Fear,5026.0,6054545.583
2019-12-16,6899.13,18105408,124911567254.87524,101435585838.56148,0.1879408123061358,5854253.541381846,811549.0,24.0,Extreme Fear,5026.0,6045665.515
2019-12-17,6627.16,18107171,119999119662.3991,101311950000.62103,0.15572755628834464,7570460.945579324,907264.0,23.0,Extreme Fear,5026.0,5882884.925
2019-12-18,7271.56,18108846,131679560546.7793,101242509268.83046,0.2311448424612265,14824385.625208618,759545.0,15.0,Extreme Fear,5026.0,5695965.865
2019-12-19,7156.45,18110808,129609095811.66753,101237670671.05266,0.2188999542272931,7229267.0134417955,747228.0,21.0,Extreme Fear,4884.0,6111693.037
2019-12-20,7185.44,18112758,130148139759.38626,101260280958.0019,0.22196136537019512,23635546.693272397,731570.0,23.0,Extreme Fear,4884.0,6127723.233
2019-12-21,7138.87,18114958,129320334107.94691,101264319190.94595,0.2169497558951704,3445397.0608403,645839.0,23.0,Extreme Fear,4884.0,6129250.509
2019-12-22,7488.2,18117071,135664251398.96211,101295679157.1522,0.25333550944632155,2997127.08647728,608464.0,20.0,Extreme Fear,4884.0,6143198.945
2019-12-23,7315.88,18118858,132555394851.99248,101288878204.46095,0.23587509721835775,6055346.602990185,724032.0,33.0,Fear,4884.0,6434279.721
2019-12-24,7268.86,18120421,131714803716.95787,101299189165.21121,0.23092024353698934,6646081.665053432,684733.0,25.0,Extreme Fear,4884.0,6241354.656
2019-12-25,7208.81,18122021,130638206529.20729,101137956675.2134,0.22581640270297504,14138591.404552126,560851.0,22.0,Extreme Fear,4884.0,6192375.924
2019-12-26,7195.76,18124108,130416735303.57039,101126047130.60126,0.2245930179496469,15596612.32644154,659669.0,39.0,Fear,4905.0,6185443.405
2019-12-27,7253.81,18125921,131481987335.23105,101108508460.25607,0.23100866887213758,5401175.126591828,725751.0,38.0,Fear,4905.0,6175837.43
2019-12-28,7304.16,18127783,132408231457.8454,101116666899.4573,0.2363264293606273,3681533.72300736,651017.0,37.0,Fear,4905.0,6246349.973
2019-12-29,7340.81,18129721,133086837544.14365,101141171072.45116,0.2400362579890473,3219163.85776696,606660.0,37.0,Fear,4905.0,6338178.308
2019-12-30,7242.77,18131796,131324428440.64455,101015819587.88026,0.23079185809259423,10850959.560418924,750636.0,40.0,Fear,4905.0,6281937.682
2019-12-31,7195.15,18133608,130474033522.35796,100990785772.15157,0.22597023295945057,5143169.391262068,686605.0,38.0,Fear,4905.0,6208209.287
2020-01-01,7194.41,18135783,130476262493.78467,101000118172.2319,0.22591193032492699,2082190.1132969763,543325.0,37.0,Fear,4905.0,6166792.515
2020-01-02,6963.85,18137546,126307150025.28085,100985886528.23445,0.20047371421157278,7250325.005032876,696061.0,39.0,Fear,4926.0,6098293.342
2020-01-03,7319.41,18139658,132771598150.65622,101030814347.49641,0.23906305448808013,4195659.204980419,733099.0,38.0,Fear,4926.0,6254565.899
2020-01-04,7371.5,18141758,133731973114.26384,101027579737.16206,0.2445517897889561,5038448.704676771,638070.0,38.0,Fear,4926.0,6280189.553
2020-01-05,7349.97,18143796,133356356616.66559,101040780612.6317,0.24232497665578395,2960074.98733652,617940.0,39.0,Fear,4926.0,6393194.852
2020-01-06,7734.68,18145483,140349508665.6269,101117598351.93213,0.2795300866151381,4850337.626302524,738884.0,41.0,Fear,4926.0,6470017.082
2020-01-07,8280.57,18147683,150273163931.99185,101211199087.21127,0.3264852057482747,6416611.348312842,793752.0,40.0,Fear,4926.0,6745462.149
2020-01-08,8027.56,18149458,145695867437.2784,101268088749.14818,0.30493506418262856,6180607.456143098,762152.0,51.0,Neutral,4926.0,7094028.251
2020-01-09,7832.8,18151421,142176450761.0596,101325681667.13943,0.28732443998460466,8473735.539595481,798148.0,44.0,Fear,4931.0,6779915.856
2020-01-10,8180.51,18153283,148503117572.48193,101408925068.09097,0.3171259517929316,6406159.244838907,804292.0,41.0,Fear,4931.0,6746409.168
2020-01-11,7972.94,18155321,144751285372.302,101429646853.23183,0.29928327342756517,2162854.5970587367,679792.0,50.0,Neutral,4931.0,6943948.317
2020-01-12,8160.01,18157208,148163003299.06,101470187265.56694,0.3151449079312048,3371227.872888385,614378.0,45.0,Fear,4931.0,6973265.499
2020-01-13,8108.44,18158996,147241129890.89575,101512364221.06094,0.3105705973848433,4996684.340453326,700552.0,49.0,Neutral,4931.0,6972786.351
2020-01-14,8801.87,18160808,159849075907.736,101842112261.30797,0.36288582412518494,21910740.586677983,867310.0,56.0,Greed,4931.0,7310483.577
2020-01-15,8820.85,18162696,160210417408.29456,102024024410.15498,0.3631873253900348,13750223.333559047,787490.0,54.0,Neutral,4931.0,7488424.652
2020-01-16,8716.75,18164683,158337005290.6379,102126577995.08263,0.3550049919939901,12089955.4208684,761525.0,55.0,Greed,4971.0,7422754.974
2020-01-17,8883.98,18166671,161392342230.11365,102240009526.5854,0.36651263552014557,4201035.108241591,774012.0,54.0,Neutral,4971.0,7583723.172
2020-01-18,8906.9,18168321,161823418715.46442,102288523963.7665,0.3679003646337411,3464082.6750913984,652540.0,51.0,Neutral,4971.0,7651585.075
2020-01-19,8700.56,18170196,158090880901.0448,102294565206.72668,0.35293823006301794,5326385.592875318,653912.0,53.0,Neutral,4971.0,7506649.38
2020-01-20,8622.41,18172096,156687262659.13022,102300843960.72507,0.3471017220890612,4053259.5493089855,753896.0,48.0,Neutral,4971.0,7503147.425
2020-01-21,8716.64,18174008,158416289843.44797,102346675229.25671,0.35393844073485775,5501174.072567838,771496.0,49.0,Neutral,4971.0,7538204.885
2020-01-22,8665.44,18175958,157502678213.9454,102373401320.38304,0.3500212029326697,6474220.30218978,801211.0,52.0,Neutral,4971.0,7578862.419
2020-01-23,8382.37,18177946,152374269588.99506,102383724158.16078,0.32807734249145665,12769295.881547818,785637.0,49.0,Neutral,4994.0,7392013.441
2020-01-24,8432.1,18179846,153294279835.81155,102439236277.80458,0.33174782263549646,14120126.060326492,747701.0,40.0,Fear,4994.0,7373486.027
2020-01-25,8333.37,18181896,151516467044.2914,102465923773.681,0.3237307747960617,4064567.219362004,667450.0,41.0,Fear,4994.0,7328234.285
2020-01-26,8634.72,18183683,157011015979.44382,102507507333.07962,0.34713174936400576,3375616.2345920005,589726.0,42.0,Fear,4994.0,7425148.499
2020-01-27,8899.69,18185296,161843497358.48016,102595784892.89929,0.366080277753442,5015862.124690745,714325.0,50.0,Neutral,4994.0,7638858.646
2020-01-28,9336.81,18187071,169809226803.40848,102740526980.51987,0.39496499151094644,5774015.52445017,836582.0,54.0,Neutral,4994.0,7970921.819
2020-01-29,9280.29,18189071,168799854127.94666,102948615213.95135,0.3901143117344253,19228459.76169808,792832.0,57.0,Greed,4994.0,8194481.476
2020-01-30,9477.26,18191021,172401036108.67487,103147095955.29884,0.4017025750919562,6420836.9667991465,779424.0,57.0,Greed,5006.0,8168070.504
2020-01-31,9330.83,18192821,169754120391.05954,103343330352.54738,0.391217543854151,13072416.429555468,788227.0,55.0,Greed,5006.0,8177059.198
2020-02-01,9357.81,18194708,170262625569.2279,103396903839.53151,0.39272107725432165,3726139.091758328,735593.0,57.0,Greed,5006.0,8175943.572
2020-02-02,9321.98,18196496,169627372201.31152,103406734539.27448,0.39038886709538406,10768098.705982745,742165.0,57.0,Greed,5006.0,8196514.793
2020-02-03,9304.86,18198346,169333062180.02164,103488072250.38559,0.38884898838972637,59931222.46882814,880626.0,59.0,Greed,5006.0,8159695.563
2020-02-04,9182.73,18199996,167125649682.04913,103527654073.84874,0.3805400052546896,7689557.476378792,781460.0,56.0,Greed,5006.0,7972117.554
2020-02-05,9585.98,18201983,174483850222.43423,103652895918.91498,0.4059456173922289,6406290.092765728,854413.0,53.0,Neutral,5006.0,8099166.823
2020-02-06,9744.64,18203671,177388221011.67957,103945833885.08867,0.41402065316250797,23662764.32737781,762755.0,61.0,Greed,5073.0,8270671.435
2020-02-07,9806.27,18205408,178527151652.3062,104361858539.9681,0.4154286472725453,56464253.78088375,881461.0,56.0,Greed,5073.0,8400671.695
2020-02-08,9889.45,18207146,180058660454.45203,104520674342.67018,0.4195187608367778,10206793.549257876,741496.0,56.0,Greed,5073.0,8482179.356
2020-02-09,10157.08,18209058,184950864365.968,104650518269.57863,0.4341712398677769,7628154.450247226,705457.0,56.0,Greed,5073.0,8722207.385
2020-02-10,9882.94,18210583,179974104539.94925,104930207485.8905,0.41697052609810925,29619899.784200527,721478.0,57.0,Greed,5073.0,8503179.851
2020-02-11,10228.71,18212433,186289701125.79434,105153943651.43225,0.43553538914947426,9129897.085268572,906170.0,52.0,Neutral,5073.0,8463500.972
2020-02-12,10328.9,18214208,188132738640.16513,105305323721.23038,0.4402605071164984,6766778.770917741,826232.0,61.0,Greed,5073.0,8929166.549
2020-02-13,10221.26,18215971,186190176203.1343,105436338196.39636,0.4337169643076934,11697829.163517265,842953.0,65.0,Greed,5097.0,8816666.4
2020-02-14,10353.26,18217658,188612155507.32065,105563381693.66478,0.440315066599366,6559298.560841716,743762.0,63.0,Greed,5097.0,8914697.789
2020-02-15,9879.28,18219433,179994885432.17465,105568143914.6989,0.4134936464376434,6044376.387565767,771499.0,64.0,Greed,5097.0,8910569.959
2020-02-16,9943.67,18221208,181185684772.3854,105623554676.39835,0.41704249533241006,3312614.5950928414,659491.0,59.0,Greed,5097.0,8708422.338
2020-02-17,9723.29,18223171,177189176789.86942,105630414903.46141,0.4038551517809145,4777298.519029303,793229.0,49.0,Neutral,5097.0,8587049.361
2020-02-18,10155.32,18225046,185081174601.4288,105928574279.0304,0.42766424242148376,7995608.13769421,797723.0,53.0,Neutral,5097.0,8705733.247
2020-02-19,9625.62,18226808,175444332866.65698,105948480491.688,0.3961134066826082,12892271.33529794,806844.0,50.0,Neutral,5097.0,9004175.289
2020-02-20,9608.17,18228383,175141407925.29718,105941026709.01077,0.3951114818364504,16007668.13495031,780227.0,44.0,Fear,5129.0,8533775.129
2020-02-21,9659.14,18230308,176089102479.0844,105993465087.2957,0.39806913889015116,6725179.877263826,788126.0,44.0,Fear,5129.0,8596470.533
2020-02-22,9656.0,18232158,176049722910.2532,106027571427.00029,0.3977407650845828,3114057.6472576805,693755.0,43.0,Fear,5129.0,8557972.119
2020-02-23,9955.9,18233933,181535218980.3904,106112923960.90517,0.4154692155224845,4239589.275734959,626125.0,46.0,Fear,5129.0,8757087.169
2020-02-24,9672.45,18235696,176383858210.19302,106139136682.05046,0.3982491495589884,4461866.970070006,776140.0,46.0,Fear,5129.0,8654661.069
2020-02-25,9350.21,18237496,170524417894.6611,106273083750.47304,0.37678670853976093,22636777.763861388,753553.0,44.0,Fear,5129.0,8521865.605
2020-02-26,8653.96,18239196,157841273005.3491,106183042021.50966,0.32727961451558224,6957661.732845853,787332.0,41.0,Fear,5129.0,8128784.23
2020-02-27,8804.54,18241033,160603909488.05106,106125495823.36647,0.3392097604494353,5132170.438953898,795263.0,39.0,Fear,5153.0,7800349.556
2020-02-28,8705.5,18243008,158814510888.257,106124892161.07466,0.3317682901422976,8457670.590655107,818281.0,40.0,Fear,5153.0,7689086.034
2020-02-29,8547.97,18244746,155955541850.04248,106104017466.22495,0.31965215081456855,5779563.667438938,691341.0,38.0,Fear,5153.0,7709839.141
2020-03-01,8555.23,18246958,156106927152.69772,106088504705.2665,0.320411293462366,5599618.025443713,693012.0,39.0,Fear,5153.0,7625487.134
2020-03-02,8905.88,18248821,162521810367.99203,106159342437.81631,0.34679940989185576,15911582.34734633,838460.0,38.0,Fear,5153.0,7735874.782
2020-03-03,8752.8,18250733,159745020572.42776,106200753161.59518,0.33518583063786844,19950024.892085828,854329.0,38.0,Fear,5153.0,7742741.119
2020-03-04,8757.51,18252821,159849262829.5496,105951979005.21205,0.33717567957638483,7594552.168830129,891259.0,40.0,Fear,5153.0,7729279.051
2020-03-05,9047.88,18254858,165167769531.878,105995412562.7724,0.3582560758482914,8847556.351293828,806481.0,41.0,Fear,5192.0,8015581.934
2020-03-06,9135.85,18256796,166791350147.45416,106053465781.15582,0.36415488160868165,6032342.5565644,818398.0,39.0,Fear,5192.0,8028015.401
2020-03-07,8902.2,18258758,162543120319.04657,106054468403.45435,0.3475302541547984,2660870.410566285,695748.0,38.0,Fear,5192.0,8017737.433
2020-03-08,8126.33,18260733,148392746828.5094,105994120059.164,0.2857189968883285,4218951.603676001,660606.0,33.0,Fear,5192.0,7693072.743
2020-03-09,7954.51,18262608,145270102297.06238,105812491873.63503,0.2716154927924578,17183852.450258095,826066.0,17.0,Extreme Fear,5192.0,6947169.263
2020-03-10,7906.73,18264258,144410560965.28363,105701608554.54782,0.2680479332812886,9561762.783139631,826647.0,16.0,Extreme Fear,5192.0,7027399.181
2020-03-11,7935.52,18265746,144948193054.79337,105457660968.05557,0.27244583912687736,37573811.599160805,727804.0,17.0,Extreme Fear,5192.0,6988475.98
2020-03-12,5142.99,18267633,93950256645.45369,103273896543.90562,-0.09924017486867728,37993683.37894187,928287.0,14.0,Extreme Fear,5226.0,5475975.468
2020-03-13,5461.54,18269196,99777944967.45442,102601877810.22539,-0.028302174831242276,33233583.21185391,790528.0,10.0,Extreme Fear,5226.0,4785213.721
2020-03-14,5171.15,18270796,94481026967.9551,102253108671.23773,-0.08226076655494735,14706539.056026632,778463.0,8.0,Extreme Fear,5226.0,4872914.763
2020-03-15,5397.93,18272283,98632507515.90878,102146494090.76987,-0.03562706315962109,7027881.658038679,655029.0,12.0,Extreme Fear,5226.0,4790832.116
2020-03-16,5032.5,18273771,91962752783.81978,101726889741.93573,-0.10617490954265872,16301357.324661585,738333.0,9.0,Extreme Fear,5226.0,4482439.104
2020-03-17,5389.42,18275308,98493313378.44107,101575795052.6276,-0.031296354731642516,17074744.660578355,767755.0,8.0,Extreme Fear,5226.0,4690127.059
2020-03-18,5368.04,18276558,98109297331.74957,101506921416.28232,-0.03463101028074763,5073853.362611568,637061.0,11.0,Extreme Fear,5226.0,4675192.058
2020-03-19,6225.09,18277896,113781547890.59251,101595677463.03915,0.10709882800391127,8684541.08063628,720962.0,12.0,Extreme Fear,5229.0,5126214.964
2020-03-20,6168.54,18279258,112756337504.99936,101432628046.13882,0.10042636812638994,6939100.681731547,741499.0,9.0,Extreme Fear,5229.0,5624281.579
2020-03-21,6145.77,18280808,112349644731.43037,101430629804.77196,0.0971878011075167,3446073.574058304,668517.0,9.0,Extreme Fear,5229.0,5553935.073
2020-03-22,5937.38,18282396,108549532629.49373,101418792978.97844,0.06569111333582853,4372758.440200472,564447.0,11.0,Extreme Fear,5229.0,5623435.649
2020-03-23,6469.06,18283796,118278973642.68425,101474723777.3851,0.14207301050873228,8024347.373861431,689366.0,10.0,Extreme Fear,5229.0,5603178.254
2020-03-24,6730.17,18285446,123064160408.48679,101638567831.04526,0.17410099338689325,5681635.622752431,742221.0,12.0,Extreme Fear,5229.0,6078209.544
2020-03-25,6701.07,18286596,122539760159.07811,101603442908.7729,0.17085325793951442,11930793.578739012,598692.0,13.0,Extreme Fear,5229.0,6074735.234
2020-03-26,6765.56,18288596,123732593858.01834,101644152795.1763,0.1785175625445003,7813639.542556237,893931.0,14.0,Extreme Fear,5324.0,6096229.177
2020-03-27,6397.83,18290533,117019724230.02591,101591430789.86552,0.1318435292996671,7420482.719434568,850307.0,12.0,Extreme Fear,5324.0,6116721.404
2020-03-28,6268.65,18292221,114667531453.56148,101542558500.95667,0.11446111018723916,3583482.492600255,637847.0,8.0,Extreme Fear,5324.0,5725802.185
2020-03-29,5915.34,18294108,108215872040.41255,101453562029.73611,0.06248907746315711,5557175.918829065,592502.0,12.0,Extreme Fear,5324.0,5667001.981
2020-03-30,6403.14,18295946,117151503958.39972,101437764408.07079,0.13413177824766853,5911808.92317608,788762.0,10.0,Extreme Fear,5324.0,5812460.745
2020-03-31,6435.16,18297933,117750130031.2597,101400290030.76701,0.13885199104368054,4649250.211160376,834012.0,12.0,Extreme Fear,5324.0,5935070.587
2020-04-01,6638.92,18299846,121491213904.88313,101119831060.03578,0.16767782780404467,7860214.680836901,819418.0,12.0,Extreme Fear,5324.0,5833849.75
2020-04-02,6745.43,18301758,123453231142.00806,101139752685.29314,0.18074438595331507,6320539.92357891,815076.0,14.0,Extreme Fear,5336.0,6139181.727
2020-04-03,6732.85,18303408,123234104222.01231,101148612833.71906,0.17921574167898488,3378070.7168164128,764440.0,14.0,Extreme Fear,5336.0,6285747.632
2020-04-04,6861.03,18305371,125593699900.68178,101155521128.1698,0.19458124724279516,3257855.551659286,666561.0,12.0,Extreme Fear,5336.0,6258755.777
2020-04-05,6782.8,18307558,124176508098.83365,101171837674.34062,0.18525782997685294,2282676.995135693,608689.0,12.0,Extreme Fear,5336.0,6317955.506
2020-04-06,7297.64,18309158,133613647764.12685,101340607124.33372,0.24154000118884505,4989764.856274795,780485.0,12.0,Extreme Fear,5336.0,6544181.67
2020-04-07,7196.89,18311258,131784113509.72096,101310403000.20654,0.23123963653833393,10091628.533543631,956946.0,20.0,Extreme Fear,5336.0,6795535.995
2020-04-08,7317.72,18313058,134009834775.70988,101384316115.99962,0.24345615166465262,4062487.4024125114,787304.0,21.0,Extreme Fear,5336.0,6830218.324
2020-04-09,7290.64,18314983,133527951632.31206,101413073277.91957,0.24051052953186391,7549790.948255537,734593.0,22.0,Extreme Fear,5359.0,6867697.59
2020-04-10,6895.72,18317021,126309048360.23186,101023926855.83427,0.20018456185565364,12422853.925000278,750256.0,15.0,Extreme Fear,5359.0,6527185.25
2020-04-11,6906.06,18319008,126512172152.08685,101024101010.94635,0.20146734268778477,2332131.70634698,643447.0,15.0,Extreme Fear,5359.0,6472037.977
2020-04-12,6907.73,18320921,126555975929.98195,101039641668.64641,0.20162093550961707,1670323.785282944,616536.0,10.0,Extreme Fear,5359.0,6504790.868
2020-04-13,6857.54,18323058,125651106894.48483,101024242398.45541,0.1959940115506484,4075883.635071183,790145.0,11.0,Extreme Fear,5359.0,6360506.852
2020-04-14,6834.39,18325158,125241280308.16875,101027921999.54668,0.19333368557908917,3729835.881464141,836276.0,15.0,Extreme Fear,5359.0,6515995.553
2020-04-15,6629.43,18327271,121499360483.66635,100986704245.69693,0.16882933503775124,5014793.665739417,945173.0,18.0,Extreme Fear,5359.0,6435253.246
2020-04-16,7059.93,18329196,129402841033.77184,101030677328.9314,0.21925456565080986,7797547.243945874,880840.0,13.0,Extreme Fear,5387.0,6691733.694
2020-04-17,7034.29,18330783,128944047382.55377,101042667444.06454,0.21638362146110443,5981796.152154746,856358.0,15.0,Extreme Fear,5387.0,6760141.36
2020-04-18,7238.07,18332758,132693789641.59795,101080795389.71141,0.23824019449043027,2510972.5125204534,875619.0,18.0,Extreme Fear,5387.0,6806258.561
2020-04-19,7127.11,18334658,130673128262.44797,101089547199.18843,0.22639376172156034,5824344.358657175,720984.0,16.0,Extreme Fear,5387.0,6880979.151
2020-04-20,6851.6,18336671,125635535331.72304,101038510227.51674,0.19578079592896466,5349975.468672635,861131.0,15.0,Extreme Fear,5387.0,6773125.493
2020-04-21,6841.12,18338533,125456108605.17172,101018265354.6664,0.1947919756336035,4724786.666280263,826787.0,17.0,Extreme Fear,5387.0,6577929.312
2020-04-22,7106.18,18340171,130328556676.35173,101053507243.58365,0.22462497996864622,5958653.600215133,756857.0,19.0,Extreme Fear,5387.0,6676208.606
2020-04-23,7392.49,18341946,135592652717.98737,101157756934.52148,0.2539584195250267,8630695.582510602,949334.0,19.0,Extreme Fear,5534.0,6834968.15
2020-04-24,7498.29,18343746,137546727531.5453,101231345042.21088,0.2640221482623478,5408881.381133799,903145.0,20.0,Extreme Fear,5534.0,7210679.201
2020-04-25,7538.73,18345446,138301364462.6039,101264019814.35284,0.26780172988290224,4170077.698541425,835168.0,24.0,Extreme Fear,5534.0,7236873.483
2020-04-26,7710.66,18347158,141468701506.36578,101303548425.06598,0.2839154714337465,4486893.660964565,716564.0,21.0,Extreme Fear,5534.0,7279132.445
2020-04-27,7775.9,18348921,142679375153.5897,101516076737.30663,0.2885020933962748,7772456.643982661,883041.0,28.0,Fear,5534.0,7401702.186
2020-04-28,7761.06,18350846,142422017205.78232,101555333774.0731,0.28694077105130367,4283255.119188407,943493.0,26.0,Fear,5534.0,7478912.972
2020-04-29,8706.31,18352658,159783934616.6661,102339202799.79036,0.3595150661090557,22707357.694771174,919138.0,26.0,Fear,5534.0,7815753.44
2020-04-30,8640.02,18354346,158581916915.47,102614095146.13956,0.3529268838335669,11778491.441823209,955239.0,44.0,Fear,5536.0,8472439.971
2020-05-01,8829.51,18356108,162075443958.90656,102798092435.82347,0.3657392512718495,5787150.440617795,950539.0,40.0,Fear,5536.0,8412606.18
2020-05-02,8969.88,18357958,164668685193.3641,102897326200.80066,0.3751251121002619,2939830.7707909574,995573.0,40.0,Fear,5536.0,8474908.389
2020-05-03,8892.65,18360058,163269574619.936,102978412555.01866,0.36927371315362945,5931384.458448159,915849.0,45.0,Fear,5536.0,8459597.509
2020-05-04,8885.6,18362033,163157685267.19397,103076907838.49252,0.36823749571042647,4514397.849407769,903176.0,44.0,Fear,5536.0,8103287.678
2020-05-05,9003.57,18364008,165341636415.24417,103173734464.00365,0.37599665334816273,5449457.212745396,981570.0,40.0,Fear,5536.0,8241571.693
2020-05-06,9195.72,18365933,168887982418.16034,103424962166.49236,0.3876120687473428,14702773.926977288,983487.0,42.0,Fear,5536.0,8551467.332
2020-05-07,9922.86,18367771,182260820591.30054,104085834431.77501,0.42891821679451436,26181150.202254277,1018665.0,49.0,Neutral,5587.0,8605799.036
2020-05-08,9821.81,18369483,180421577176.8312,104365914932.20406,0.4215441602646284,16945033.72119049,958436.0,55.0,Greed,5587.0,9169231.12
2020-05-09,9566.89,18371183,175755092144.5472,104410520780.90915,0.4059317456643689,9442974.25930978,919566.0,56.0,Greed,5587.0,8985366.168
2020-05-10,8752.62,18373308,160814587836.88373,104361214645.43259,0.3510463444318404,6073742.533766932,884498.0,48.0,Neutral,5587.0,8074425.58
2020-05-11,8604.75,18375121,158113322811.71387,104272928025.4882,0.3405177617469999,13282152.187113345,1001106.0,40.0,Fear,5587.0,8087615.457
2020-05-12,8787.21,18376033,161474065726.70425,104282462880.97539,0.35418444806193194,4951226.797468509,966691.0,39.0,Fear,5587.0,8148399.958
2020-05-13,9301.47,18376777,170931042705.85352,104462442367.01978,0.3888620772835052,5351055.818662068,860614.0,41.0,Fear,5587.0,8302762.658
2020-05-14,9796.49,18377489,180034895001.53506,104648274483.59415,0.41873338231068,6853620.815863189,885239.0,40.0,Fear,5636.0,8878546.788
2020-05-15,9309.3,18378271,171088838638.94815,104680013758.53229,0.3881540456333309,7705319.959796716,901201.0,44.0,Fear,5636.0,8702825.357
2020-05-16,9375.3,18379058,172309187576.66623,104719003254.17389,0.392261058583537,5385364.60884582,884950.0,41.0,Fear,5636.0,8533657.491
2020-05-17,9642.39,18379696,177224197347.0675,104788669373.38206,0.408722561918738,3369298.7773952065,775014.0,40.0,Fear,5636.0,8641223.223
2020-05-18,9605.09,18380496,176546318756.59012,104990778622.38005,0.4053074606039558,7049373.19253309,969184.0,50.0,Neutral,5636.0,8785623.409
2020-05-19,9755.21,18381214,179312610380.04865,105130634653.05898,0.4137019452773723,4330917.364922914,893877.0,50.0,Neutral,5636.0,8748669.084
2020-05-20,9525.6,18381933,175098946175.97537,105170430818.9218,0.39936571226862233,6313025.992467892,880455.0,52.0,Neutral,5636.0,8809223.06
2020-05-21,9059.96,18382752,166547000482.34506,105121134918.26237,0.3688200050807531,8403839.725532057,927038.0,49.0,Neutral,5702.0,8422761.265
2020-05-22,9153.34,18383446,168269932021.27448,105130897076.85373,0.3752247010858603,5200059.42252666,802099.0,42.0,Fear,5702.0,8256543.636
2020-05-23,9144.02,18384189,168105399169.01035,105160948472.80692,0.37443443819981137,3739822.6151139047,853615.0,40.0,Fear,5702.0,8301237.149
2020-05-24,8808.82,18384914,161949405144.23608,105139702281.80692,0.35078673374461034,2908475.2937530167,814548.0,43.0,Fear,5702.0,8306824.906
2020-05-25,8883.74,18385696,163333743382.5503,105080601963.4069,0.35665099086541135,3887588.523710712,831186.0,41.0,Fear,5702.0,7998558.488
2020-05-26,8836.78,18386471,162477199600.77847,105071079809.19444,0.35331800358841847,4895053.204286953,876073.0,39.0,Fear,5702.0,8122309.595
2020-05-27,9174.67,18387333,168697717455.03873,105150098329.30698,0.37669519234999993,5114185.741783348,914518.0,39.0,Fear,5702.0,8384295.416
2020-05-28,9546.03,18388152,175533853452.36163,105254305389.00029,0.4003760339166405,7788464.130521572,874328.0,41.0,Fear,5727.0,8596242.718
2020-05-29,9404.3,18388946,172935165290.72037,105281692456.39642,0.39120714818522917,7426261.209552088,858623.0,48.0,Neutral,5727.0,8700648.233
2020-05-30,9654.94,18389921,177553584293.93192,105342421006.17822,0.4067006789804445,3984414.5988699473,915955.0,48.0,Neutral,5727.0,8806318.787
2020-05-31,9471.82,18390858,174194901783.42682,105354569460.36595,0.39519142993431994,8066028.065719444,806355.0,51.0,Neutral,5727.0,8904929.337
2020-06-01,10163.96,18391696,186932462933.243,105689766439.74248,0.4346098864728155,22556153.37856576,889842.0,50.0,Neutral,5727.0,8935549.591
2020-06-02,9515.24,18392502,175009073537.19946,105687580860.65373,0.39610227787310087,10187895.333706755,902293.0,56.0,Greed,5727.0,9415247.398
2020-06-03,9645.23,18393371,177408294204.08524,105766187421.61569,0.40382614073305156,5813887.259311317,961226.0,48.0,Neutral,5727.0,8916543.66
2020-06-04,9792.57,18394314,180127615231.78876,105881414077.50417,0.4121866658743267,6400684.982944207,912541.0,54.0,Neutral,5860.0,9008941.809
2020-06-05,9642.27,18395433,177373737007.66714,105905199376.19774,0.4029262665215207,5463579.016164932,927156.0,53.0,Neutral,5860.0,9043384.893
2020-06-06,9670.32,18396658,177901575060.60358,105951253121.00034,0.4044389259347074,6560634.216707996,791403.0,54.0,Neutral,5860.0,8925242.59
2020-06-07,9742.76,18397652,179243910873.35126,105992308851.92967,0.4086699607507399,5184390.800014748,700213.0,54.0,Neutral,5860.0,8950776.904
2020-06-08,9773.3,18398664,179815670640.68967,106179933599.00719,0.40950678424920206,15068721.413553756,980349.0,53.0,Neutral,5860.0,9035152.545
2020-06-09,9757.7,18399664,179538409169.88815,106254830068.45998,0.4081777233086855,6351068.688957443,940530.0,52.0,Neutral,5860.0,9033011.253
2020-06-10,9885.96,18400689,181908483285.4911,106334809917.51257,0.4154488674910865,7460651.427278361,918839.0,54.0,Neutral,5860.0,9113547.653
2020-06-11,9301.98,18401846,171173603873.39896,106277851663.47296,0.3791224274154051,5473121.043149508,1051077.0,52.0,Neutral,5917.0,9172822.087
2020-06-12,9471.61,18402864,174304758220.6949,106317209776.16873,0.3900498709188658,3727898.902360822,929940.0,38.0,Fear,5917.0,8863049.607
2020-06-13,9471.21,18403852,174306749894.6519,106342019509.42278,0.3899145066172473,2661891.166829281,822857.0,38.0,Fear,5917.0,8880144.157
2020-06-14,9345.96,18404914,172011597477.2068,106361207686.25009,0.38166257830176836,3893683.978605765,703311.0,40.0,Fear,5917.0,8858040.003
2020-06-15,9431.72,18405777,173598137828.5235,106409304781.04404,0.3870366000921458,6297041.591479904,874827.0,37.0,Fear,5917.0,8836929.24
2020-06-16,9525.61,18406714,175335186518.12332,106467490377.69826,0.3927773854639647,5743228.278923398,992071.0,39.0,Fear,5917.0,8977733.689
2020-06-17,9441.85,18407577,173801583682.52155,106491932127.222,0.3872787009711729,4296861.536635391,933492.0,38.0,Fear,5917.0,8949647.912
2020-06-18,9367.14,18408346,172433554571.68927,106761160708.40543,0.3808562319927154,13709433.890229415,856934.0,40.0,Fear,5945.0,8902632.507
2020-06-19,9323.76,18409239,171643333630.75842,106751653900.17232,0.37806117113864735,4904590.8605516935,960280.0,39.0,Fear,5945.0,8814688.726
2020-06-20,9365.35,18410096,172416992994.76877,106781636597.35791,0.3806780019612236,4151591.471620364,780703.0,38.0,Fear,5945.0,8808318.598
2020-06-21,9294.22,18411008,171115963838.83997,106809816248.18773,0.37580449040521374,4791083.373817336,726152.0,37.0,Fear,5945.0,8877833.291
2020-06-22,9678.68,18411902,178202910504.28952,106914851066.40616,0.40003869317368634,7599040.62319685,846982.0,38.0,Fear,5945.0,8965874.403
2020-06-23,9624.68,18412889,177218172151.86108,106976766837.02457,0.39635554560762276,9632832.785143338,1044711.0,41.0,Fear,5945.0,9191057.942
2020-06-24,9292.89,18413758,171117032644.97516,106930670915.70667,0.37510212009367333,18421408.480668265,936090.0,50.0,Neutral,5945.0,9006055.861
2020-06-25,9214.64,18414639,169684276440.33118,106916741876.66473,0.3699077833280469,4090028.99841674,898813.0,43.0,Fear,5963.0,8881980.367
2020-06-26,9162.18,18415664,168727635671.18704,107195767982.64014,0.36468162102655755,15316126.847162835,945612.0,40.0,Fear,5963.0,8830679.245
2020-06-27,9029.79,18416527,166297374002.85583,107197031470.74919,0.3553895116292799,5756108.913054238,784430.0,43.0,Fear,5963.0,8799993.608
2020-06-28,9131.98,18417464,168187920158.3789,107207162686.16154,0.3625751327134143,7886326.686239205,699385.0,40.0,Fear,5963.0,8730997.7
2020-06-29,9193.71,18418371,169333162059.85995,107240600404.14676,0.36668872712459727,6568555.37250053,950678.0,41.0,Fear,5963.0,8804148.363
2020-06-30,9139.51,18419289,168343283274.03503,107293051780.0784,0.362653206630032,11963289.716987783,938790.0,44.0,Fear,5963.0,8857409.247
2020-07-01,9245.89,18420302,170312088786.04904,107329187379.16064,0.3698087543627589,5935472.085928707,1091859.0,42.0,Fear,5963.0,8882631.538
2020-07-02,9086.49,18421327,167385206252.48068,107328569171.66794,0.3587929807262922,4278162.725058557,968961.0,42.0,Fear,5979.0,8963240.702
2020-07-03,9071.39,18422346,167116285688.8891,107341904974.78633,0.3576813622185293,4997019.716668696,954662.0,41.0,Fear,5979.0,8883859.206
2020-07-04,9132.91,18423327,168258590085.5132,107361731235.8475,0.3619242192551144,2597849.613496284,817038.0,40.0,Fear,5979.0,8916188.273
2020-07-05,9084.66,18424346,167378919540.90588,107370309500.37872,0.35851952088782363,1922521.66640528,776772.0,38.0,Fear,5979.0,8894393.585
2020-07-06,9334.26,18425308,171986620538.98062,107432055196.7224,0.3753464376470319,5525959.628005492,1002517.0,40.0,Fear,5979.0,9038784.622
2020-07-07,9253.63,18426314,170510299376.1871,107456944957.56226,0.369792057425891,8440528.411997097,978911.0,43.0,Fear,5979.0,9104620.491
2020-07-08,9403.43,18427258,173279435819.5363,107618560114.83633,0.3789305718486016,14658865.4795265,1024749.0,44.0,Fear,5979.0,9133359.228
2020-07-09,9236.33,18428283,170209708154.92163,107645635463.3152,0.3675705303170005,5414600.339643757,1051217.0,44.0,Fear,6041.0,9210549.158
2020-07-10,9282.76,18429289,171074674137.16464,107672030739.26437,0.37061384870483605,5283652.049190477,993993.0,41.0,Fear,6041.0,9049254.715
2020-07-11,9254.77,18430264,170567861716.5534,107686150740.65558,0.3686609560738559,2617992.568379853,890492.0,44.0,Fear,6041.0,9065431.304
2020-07-12,9305.58,18431214,171513143771.78586,107708319158.67638,0.372011282692175,3378535.856594484,755284.0,41.0,Fear,6041.0,9098845.243
2020-07-13,9231.81,18432133,170161954781.79834,107708441463.05412,0.36702395314410585,6479454.106612554,913605.0,43.0,Fear,6041.0,9096920.16
2020-07-14,9247.06,18433033,170451367172.35916,107784897917.92072,0.36765014146862535,13807459.135212252,1008010.0,43.0,Fear,6041.0,9054617.446
2020-07-15,9199.28,18433896,169578571208.58047,107832953662.94113,0.3641121463966851,14912110.30694788,972926.0,44.0,Fear,6041.0,9051189.62
2020-07-16,9131.69,18434746,168340386111.40088,107840264541.40787,0.3593916051134424,4139065.4884982686,974442.0,43.0,Fear,6041.0,8970277.208
2020-07-17,9163.31,18435483,168930050722.46783,107846018879.81992,0.36159363938747513,5388182.562668189,858582.0,41.0,Fear,6041.0,8966996.71
2020-07-18,9178.86,18436296,169224180315.34216,107861070635.36324,0.36261431177052444,3292909.9547837866,894964.0,44.0,Fear,6041.0,8994085.376
2020-07-19,9202.62,18437114,169669761354.49567,107895118538.64136,0.3640875210921459,4091828.842624792,883719.0,41.0,Fear,6041.0,8979362.421
2020-07-20,9163.35,18437996,168953811058.68466,107904622877.23618,0.3613365558249738,3363944.584123841,945864.0,44.0,Fear,6041.0,9001824.995
2020-07-21,9375.2,18438777,172867224895.81174,107958727491.43457,0.3754818036993303,8547258.035234861,928788.0,44.0,Fear,6041.0,9179679.08
2020-07-22,9517.29,18439677,175495756322.65417,108051002337.70177,0.384309885311148,11466612.881090073,1024290.0,50.0,Neutral,6041.0,9187772.285
2020-07-23,9584.24,18440527,176738439321.55246,108135625633.91795,0.3881601192755848,8387014.545322534,988064.0,55.0,Greed,6041.0,9345108.522
2020-07-24,9535.94,18441533,175857357392.83038,108187364432.40427,0.3848004653525232,6002671.189978775,1086669.0,53.0,Neutral,6041.0,9369309.564
2020-07-25,9679.29,18442421,178509541596.37698,108253694744.16278,0.3935691404724335,4988530.793743732,979151.0,55.0,Greed,6041.0,9411533.703
2020-07-26,9920.32,18443408,182964514656.8463,108342518345.87706,0.40784955733588196,5869435.615851525,1005906.0,55.0,Greed,6041.0,9698331.763
2020-07-27,11189.36,18444339,206380357928.25626,108828039639.37051,0.4726821838481244,15339259.853515407,1027483.0,58.0,Greed,6041.0,10081924.17
2020-07-28,10953.64,18445246,202042584888.03568,109161465533.99202,0.4597106070758046,23094171.609423537,1060045.0,76.0,Extreme Greed,6041.0,10767371.53
2020-07-29,11024.69,18446171,203363317457.78088,109373463461.76202,0.46217702961858675,10213770.818992674,1048854.0,71.0,Greed,6041.0,10884919.45
2020-07-30,11095.67,18447014,204681988650.11542,109576872289.56679,0.46464819395087015,11912501.566325894,972943.0,76.0,Extreme Greed,6041.0,10810027.83
2020-07-31,11260.72,18447971,207737436505.52536,109794687919.19446,0.47147375183733836,14974909.81845901,1065560.0,75.0,Greed,6041.0,10973522.37
2020-08-01,11817.34,18448827,218016064745.95212,109993389297.49074,0.4954803471677058,7188775.852493767,962618.0,75.0,Greed,6041.0,11514288.44
2020-08-02,11019.46,18449708,203305825322.96567,110061313307.11644,0.4586416147580805,8912445.336765852,961486.0,80.0,Extreme Greed,6041.0,11109441.07
2020-08-03,11226.04,18450721,207128532479.6858,110425846480.9729,0.4668728390097441,17335993.055077754,1087262.0,75.0,Greed,6041.0,11056474.83
2020-08-04,11196.79,18451627,206598995980.0579,110532237584.50294,0.46499140975897024,9088327.567826752,1001955.0,72.0,Greed,6041.0,11044216.69
2020-08-05,11774.94,18452433,217276297846.02036,110843466086.87668,0.4898501714833646,12919416.664673109,960085.0,75.0,Greed,6041.0,11218524.61
2020-08-06,11768.13,18453408,217162110700.32907,111302720061.34274,0.48746712903829736,15005890.243277188,1130791.0,79.0,Extreme Greed,6040.0,11563109.68
2020-08-07,11597.34,18454358,214021470527.9335,111635872667.69508,0.47838937657834346,15366159.149540003,1056152.0,77.0,Extreme Greed,6040.0,11569504.19
2020-08-08,11763.93,18455246,217106222605.81522,111875248136.58476,0.4846981040257472,7000659.915003612,956951.0,77.0,Extreme Greed,6040.0,11523341.02
2020-08-09,11682.85,18456221,215621262035.23898,112021305631.41742,0.4804718951458981,7760123.935857918,913857.0,79.0,Extreme Greed,6040.0,11538116.29
2020-08-10,11863.89,18457077,218972734749.03302,112183741662.01773,0.48768168881576646,6494370.591880601,977794.0,78.0,Extreme Greed,6040.0,11767665.82
2020-08-11,11400.57,18458039,210432174745.35205,112348338527.16437,0.46610665092864617,17152968.54368736,1091945.0,84.0,Extreme Greed,6040.0,11639982.08
2020-08-12,11588.72,18459021,213916426364.27585,112486013729.13655,0.47415906463589946,12750537.834182618,1064954.0,75.0,Greed,6040.0,11421712.52
2020-08-13,11765.19,18459939,217184699076.39438,112649395704.27649,0.4813198343007937,6815897.195696671,954308.0,75.0,Greed,6082.0,11530152.9
2020-08-14,11825.44,18460983,218309253252.04138,112841703244.74817,0.4831107634522908,10239233.094139148,1099104.0,78.0,Extreme Greed,6082.0,11805811.41
2020-08-15,11864.91,18461958,219049476559.81137,112952881065.70882,0.48434991564626234,6101279.382225346,987336.0,79.0,Extreme Greed,6082.0,11975692.03
2020-08-16,11831.68,18462908,218447225773.362,113050212665.5323,0.48248272659309765,5621546.416784123,897698.0,82.0,Extreme Greed,6082.0,11988021.19
2020-08-17,12272.81,18463689,226601356752.61752,113443275872.6818,0.4993707120803839,18635720.01640572,890272.0,83.0,Extreme Greed,6082.0,12077660.52
2020-08-18,11959.92,18464564,220834717782.66907,113558154421.61833,0.4857776188372031,6289255.743843939,1021106.0,82.0,Extreme Greed,6082.0,12365789.52
2020-08-19,11791.02,18465427,217726222543.5485,113608685128.03824,0.4782039397881217,7341904.994194672,984441.0,80.0,Extreme Greed,6082.0,11933509.6
2020-08-20,11870.63,18466339,219207087160.3761,113734154030.00667,0.48115658346941775,8184881.4085184755,1004699.0,75.0,Greed,6059.0,11956455.73
2020-08-21,11521.22,18467308,212765924554.4903,113849194716.66559,0.4649087021098235,14583432.367094029,1098868.0,81.0,Extreme Greed,6059.0,11964566.56
2020-08-22,11676.39,18468158,215641421752.91345,113908228413.99347,0.47177018455892045,3918304.668497911,963950.0,78.0,Extreme Greed,6059.0,11782798.44
2020-08-23,11596.38,18469139,214175163335.60532,113954957588.63893,0.46793570359007813,3968670.8614462814,926929.0,76.0,Extreme Greed,6059.0,11910584.37
2020-08-24,11757.64,18470071,217164446121.19235,114080657901.76865,0.47468077791102153,6052254.26862013,943471.0,78.0,Extreme Greed,6059.0,12076362.22
2020-08-25,11296.45,18470871,208655271215.96222,114127767076.26701,0.4530319487680588,9542473.23927766,959907.0,75.0,Greed,6059.0,11913349.49
2020-08-26,11457.81,18471758,211645899774.1537,114205412045.67952,0.4603939307704635,11363680.802273292,1039685.0,76.0,Extreme Greed,6059.0,11753819.47
2020-08-27,11312.08,18472564,208963130765.89508,114252853601.17831,0.4532391758181604,5897939.577800388,958976.0,75.0,Greed,6111.0,11739496.18
2020-08-28,11520.4,18473583,212823071871.48343,114392540431.70236,0.46249934546203664,13190767.622147622,1089284.0,74.0,Greed,6111.0,11857856.37
2020-08-29,11470.84,18474496,211917988212.4947,114415120434.13162,0.46009717533084005,4837011.66927898,985070.0,79.0,Extreme Greed,6111.0,11970810.71
2020-08-30,11701.0,18475289,216179365890.9552,114504651841.76057,0.4703257113839496,5309681.505676243,839639.0,75.0,Greed,6111.0,12281571.9
2020-08-31,11587.33,18476227,214090142821.83585,114669091583.12488,0.46438873797869523,11583999.397763038,931533.0,75.0,Greed,6111.0,12399876.26
2020-09-01,11895.23,18477189,219790422364.8324,114928111784.8565,0.47710136525382285,18891639.696980868,1089187.0,75.0,Greed,6111.0,12628653.73
2020-09-02,11382.88,18478089,210333878765.37903,114967232644.45233,0.45340601657094554,11185737.726457903,1034187.0,83.0,Extreme Greed,6111.0,12175753.74
2020-09-03,10159.18,18478896,187730431122.14807,114790199069.9007,0.3885370720998788,13708615.091091145,985719.0,79.0,Extreme Greed,7632.0,11973674.93
2020-09-04,10495.64,18479739,193956696181.689,114818520694.38707,0.40801981599629444,15414020.507472357,1013323.0,40.0,Fear,7632.0,11117683.25
2020-09-05,10226.24,18480621,188987266154.92383,114755466588.09384,0.3927873082516463,6999726.447547651,987374.0,41.0,Fear,7632.0,11005364.17
2020-09-06,10260.02,18481558,189621160302.57294,114761522389.56638,0.39478525389020525,6323443.776031528,1002044.0,41.0,Fear,7632.0,10886726.04
2020-09-07,10391.31,18482652,192058969619.25467,114755369667.9193,0.40249929542257307,5979242.81125568,1099507.0,41.0,Fear,7632.0,10878410.18
2020-09-08,10134.46,18483621,187321518135.41638,114715663127.5974,0.3876001845945513,5329771.404763546,990816.0,41.0,Fear,7632.0,10897114.87
2020-09-09,10238.19,18484552,189248358460.84872,114707479539.8451,0.3938786023151925,8109625.097156642,973323.0,38.0,Fear,7632.0,10983004.78
2020-09-10,10363.19,18485539,191569161147.8451,114727523157.54791,0.40111695186154733,8148837.100111142,1105256.0,38.0,Fear,7589.0,11060820.89
2020-09-11,10375.19,18486402,191799936226.75977,114732061701.42131,0.4018138693968242,8551318.212710366,968467.0,41.0,Fear,7589.0,11034570.05
2020-09-12,10421.35,18487464,192664341241.07062,114736449743.61531,0.4044749069572158,5886061.588665331,910786.0,41.0,Fear,7589.0,11162878.77
2020-09-13,10334.87,18488477,191076009341.47653,114745076579.74554,0.39947941672425313,3483802.0781382765,801606.0,38.0,Fear,7589.0,11193805.95
2020-09-14,10652.98,18489577,196969097131.77972,114811167774.23856,0.4171107577478229,6392562.492019057,1033400.0,39.0,Fear,7589.0,11385992.69
2020-09-15,10742.5,18490552,198634758028.72552,114903689780.3649,0.4215328126825209,7259343.671790121,976348.0,47.0,Neutral,7589.0,11643084.87
2020-09-16,10941.42,18491521,202323498191.86615,115060944225.57175,0.43130212133610957,15349400.892451918,1075635.0,43.0,Fear,7589.0,11798324.85
2020-09-17,10956.23,18492633,202609546424.41718,115139662493.93271,0.43171649842824567,9213721.661367135,1118342.0,48.0,Neutral,7607.0,11897601.22
2020-09-18,10941.72,18493664,202352501960.42963,115231200136.76215,0.43054225166291343,11114102.674710486,980136.0,49.0,Neutral,7607.0,11957859.95
2020-09-19,11071.77,18494596,204767913652.82812,115347549225.24095,0.43669129031218296,10669222.897451073,910150.0,48.0,Neutral,7607.0,12110321.34
2020-09-20,10947.87,18495483,202486149437.48123,115393938845.57384,0.4301144094737088,9085052.711941402,816861.0,52.0,Neutral,7607.0,12114624.45
2020-09-21,10430.93,18496389,192934547204.05643,115336017389.9044,0.4022013213220972,6763807.986054,952246.0,48.0,Neutral,7607.0,11770962.21
2020-09-22,10527.25,18497196,194724607064.42053,115450144068.53784,0.4071106584370018,10006705.936485924,975370.0,39.0,Fear,7607.0,11770962.21
2020-09-23,10219.31,18498083,189037650151.95715,115391850376.80646,0.38958270860831595,6472634.334729352,1021127.0,43.0,Fear,7607.0,11770962.21
2020-09-24,10726.53,18498939,198429432678.94986,115482930683.59683,0.4180151143684256,14393950.419595862,950720.0,39.0,Fear,7616.0,11770962.21
2020-09-25,10684.37,18499996,197660802743.00638,115555656330.50902,0.4153840583114924,10777294.952115308,1154496.0,46.0,Fear,7616.0,11770962.21
2020-09-26,10728.6,18500933,198489115630.57544,115604666002.05238,0.41757679943915,6379929.100293581,959408.0,45.0,Fear,7616.0,11886873.37
2020-09-27,10765.3,18501883,199178326926.67584,115636473747.92433,0.4194324476352592,6318417.899586819,795750.0,47.0,Neutral,7616.0,11886873.37
2020-09-28,10701.57,18502689,198007830029.16736,115669997778.22539,0.4158311933362093,5449954.669370722,878739.0,43.0,Fear,7616.0,12311813.53
2020-09-29,10839.06,18503571,200561316770.7029,115876974014.2319,0.42223667115871927,19829415.99800811,1009320.0,45.0,Fear,7616.0,12311813.53
2020-09-30,10777.82,18504546,199438666454.4089,115916258328.88689,0.41878743781419636,12638373.420784485,1124543.0,49.0,Neutral,7616.0,12118330.75
2020-10-01,10627.98,18505321,196674181959.53046,115907308251.30049,0.4106633260325411,6030141.942002698,934971.0,45.0,Fear,7716.0,12199774.84
2020-10-02,10556.26,18506171,195355953155.18515,115937005565.71288,0.4065345657850731,9474573.43327693,991515.0,41.0,Fear,7716.0,11886695.06
2020-10-03,10548.82,18507114,195228222691.48557,115953058877.08102,0.4060640552963552,2900729.104899944,1019349.0,40.0,Fear,7716.0,11899994.76
2020-10-04,10716.69,18508102,198345594783.49234,115988781771.41847,0.41521876551869935,4005427.9764094097,926170.0,42.0,Fear,7716.0,11868482.88
2020-10-05,10790.15,18508977,199714641359.3309,116054425211.18475,0.418898762648167,5563638.670155469,951101.0,42.0,Fear,7716.0,11868482.88
2020-10-06,10608.79,18509789,196366472878.99,116066571224.45273,0.4089287772868525,6007912.081128555,982285.0,47.0,Neutral,7716.0,11868482.88
2020-10-07,10672.16,18510733,197549510109.29727,116143284648.2524,0.4120801181233284,12269287.432936767,1068917.0,43.0,Fear,7716.0,11809769.5
2020-10-08,10918.68,18511746,202123831306.30353,116251527644.14977,0.42484996997717067,9018349.661572246,1045176.0,46.0,Fear,7670.0,12030838.45
2020-10-09,11056.09,18512633,204677342610.218,116382412938.60303,0.4313859489555786,9941502.834569572,1011624.0,48.0,Neutral,7670.0,12193483.55
2020-10-10,11296.8,18513527,209143615145.8279,116468132596.84584,0.44311887065910655,3996778.0153898974,921681.0,53.0,Neutral,7670.0,12287463.1
2020-10-11,11344.73,18514402,210040895147.8259,116529531582.72159,0.44520550866673564,6166294.779971146,802879.0,55.0,Greed,7670.0,12209820.52
2020-10-12,11543.71,18515333,213735640996.4167,116682378418.26465,0.45408085486210115,10810453.990871634,947061.0,52.0,Neutral,7670.0,12333631.75
2020-10-13,11424.81,18516371,211546021078.29465,116775674016.2837,0.44798926767304115,4742452.52147812,1064994.0,56.0,Greed,7670.0,12350385.98
2020-10-14,11410.37,18517302,211289270587.4678,116893744794.27484,0.44675967469022937,12419943.788710777,944116.0,53.0,Neutral,7670.0,12285576.41
2020-10-15,11478.33,18518246,212558539125.37152,117025186503.70851,0.4494449059292575,9732531.77834182,1046612.0,56.0,Greed,7664.0,12264553.41
2020-10-16,11316.5,18519214,209572694227.28885,117067284790.60922,0.44140010595251644,5012078.08172785,994294.0,52.0,Neutral,7664.0,12180826.7
2020-10-17,11357.92,18520196,210350905063.09656,117106750806.17233,0.44327907326547916,2587150.7990423106,854044.0,56.0,Greed,7664.0,12140776.03
2020-10-18,11498.96,18520946,212971617733.27924,117155773750.06538,0.4498995922696677,3145176.1436689068,735406.0,55.0,Greed,7664.0,12180951.84
2020-10-19,11752.15,18521727,217670117429.59296,117511022881.22383,0.46014168472512695,30694447.733585488,937650.0,55.0,Greed,7664.0,12281688.72
2020-10-20,11966.73,18522627,221655279729.54782,117740276349.91139,0.46881357171563015,9502956.618203877,1017587.0,56.0,Greed,7664.0,12578245.73
2020-10-21,12806.94,18523439,237228582047.8054,118220678930.3708,0.5016592102441204,11202592.909301156,1014112.0,61.0,Greed,7664.0,13033130.12
2020-10-22,12961.59,18524296,240104330373.53513,118883320560.2488,0.5048680697457658,34030188.21004442,1051444.0,73.0,Greed,7673.0,13623656.66
2020-10-23,12929.44,18525114,239519360234.68933,119493498745.34375,0.5011113146417062,56598384.72995247,989597.0,74.0,Greed,7673.0,13589157.68
2020-10-24,13089.4,18526064,242495072527.29288,119755179670.63882,0.5061541728557789,13899718.944685688,1102557.0,73.0,Greed,7673.0,13619132.38
2020-10-25,13023.35,18526796,241280949272.27255,119890011355.2751,0.5031103296100444,7379632.118205687,857707.0,76.0,Extreme Greed,7673.0,13620456.51
2020-10-26,13062.81,18527483,242020997326.0821,120020090517.7838,0.5040922405749896,6042198.106950869,828764.0,75.0,Greed,7673.0,13702572.59
2020-10-27,13679.87,18528102,253462030741.9044,120429504079.88763,0.5248617565030136,14108559.22138198,829584.0,61.0,Greed,7673.0,14038525.14
2020-10-28,13275.88,18528727,245985160120.75903,120685653136.49121,0.5093783174674269,14624163.022723136,821376.0,70.0,Greed,7673.0,13996909.77
2020-10-29,13441.88,18529402,249070002120.7242,120979198203.34258,0.5142763192144514,14750227.58627716,892815.0,67.0,Greed,7665.0,13930428.8
2020-10-30,13546.27,18530096,251013684151.10876,121174170353.52419,0.5172606992988555,7827174.920404925,900407.0,74.0,Greed,7665.0,14146830.55
2020-10-31,13831.63,18530802,256311200947.18915,121389519782.32776,0.5263979126400368,8030344.97122958,884813.0,73.0,Greed,7665.0,14449104.45
2020-11-01,13777.59,18531583,255320560133.35645,121621975283.49464,0.5236498963500226,10736912.82769456,894651.0,72.0,Greed,7665.0,14416666.16
2020-11-02,13558.36,18532177,251265931349.04248,121959987218.02005,0.5146178928308387,22816906.91690092,782156.0,71.0,Greed,7665.0,14148760.8
2020-11-03,13986.42,18533052,259211053279.42773,123833223242.44814,0.5222687394084358,170417738.55080146,1036662.0,71.0,Greed,7665.0,14170343.48
2020-11-04,14150.55,18534046,262266945261.6638,124222684004.05441,0.5263502082577832,13051525.466333233,1172961.0,74.0,Greed,7665.0,14431656.54
2020-11-05,15759.64,18534964,292104372581.41614,125379391221.6094,0.5707719466381377,30234530.642726924,1074266.0,72.0,Greed,7601.0,15303233.99
2020-11-06,15548.31,18535921,288202246542.7324,125964751937.76659,0.5629293197786037,19392326.55549774,1088832.0,90.0,Extreme Greed,7601.0,16117160.74
2020-11-07,14738.72,18536833,273209199305.93436,126045552954.94946,0.5386482106929127,12372852.294618389,1059733.0,88.0,Extreme Greed,7601.0,16075719.2
2020-11-08,15478.62,18537696,286937952755.6084,126636340596.94002,0.5586629813839961,16201815.78151572,932694.0,82.0,Extreme Greed,7601.0,15736095.64
2020-11-09,15291.19,18538852,283481112824.337,126974253615.92093,0.5520891944056876,14307653.556350265,1209490.0,90.0,Extreme Greed,7601.0,16041745.54
2020-11-10,15278.71,18539771,283263785262.50824,127249566175.03746,0.5507736152819117,10464003.17014389,1028065.0,90.0,Extreme Greed,7601.0,15896647.34
2020-11-11,15693.1,18540689,290960899021.45874,127628390562.25128,0.5613555258061032,14650968.5191289,1024496.0,86.0,Extreme Greed,7601.0,16244950.37
2020-11-12,16261.97,18541689,301524403195.1239,128175876699.34239,0.5749071208130486,18962980.891845133,1057673.0,87.0,Extreme Greed,7713.0,16590020.2
2020-11-13,16284.63,18542558,301958705158.1904,128601173732.04836,0.5741100636105966,17305836.178942252,1007709.0,89.0,Extreme Greed,7713.0,16996143.97
2020-11-14,16074.65,18543446,298079404966.7924,128836886858.01938,0.5677766235732641,11176813.368594354,923818.0,90.0,Extreme Greed,7713.0,16750176.67
2020-11-15,15930.29,18544383,295417407742.6154,128979258401.4273,0.5633999384565671,6996817.788586911,868423.0,86.0,Extreme Greed,7713.0,16687876.33
2020-11-16,16746.66,18545383,310573232797.2234,129406975481.65732,0.5833286265009563,12096489.452572808,1042557.0,90.0,Extreme Greed,7713.0,17059778.02
2020-11-17,17639.64,18546364,327151198291.96155,130285511205.59009,0.6017574996337974,21090925.394270275,1140181.0,86.0,Extreme Greed,7713.0,17858226.59
2020-11-18,17629.16,18547421,326975453189.1602,131567206645.1903,0.5976235972396475,29049945.74711296,1193662.0,91.0,Extreme Greed,7713.0,18781993.37
2020-11-19,17896.1,18548277,331941825298.5298,131981772293.12932,0.6023948709252521,14680788.15408858,1062281.0,94.0,Extreme Greed,7846.0,18769303.81
2020-11-20,18628.81,18549327,345551893805.828,133371522953.51192,0.614033303407517,31977250.27075913,1188348.0,86.0,Extreme Greed,7846.0,19225293.09
2020-11-21,18674.37,18550383,346416725960.69934,134003790846.36711,0.6131717067796266,19531753.345964245,1028327.0,91.0,Extreme Greed,7846.0,19736302.83
2020-11-22,18420.95,18551471,341735720545.8578,134283616036.37875,0.6070542001816894,10052861.413638797,876059.0,94.0,Extreme Greed,7846.0,19516972.03
2020-11-23,18357.77,18552389,340580504806.424,134713345529.66812,0.6044596104928694,11797529.56972817,1008155.0,90.0,Extreme Greed,7846.0,19414756.61
2020-11-24,19091.52,18553239,354209548610.484,135746787094.21365,0.616761356020102,26315271.736106165,1060295.0,88.0,Extreme Greed,7846.0,19974596.23
2020-11-25,18753.48,18554208,347955978863.94196,136149519860.1588,0.6087162511054419,14251228.477837965,1133396.0,94.0,Extreme Greed,7846.0,20035335.92
2020-11-26,17070.61,18555146,316747661626.7417,136494760087.76613,0.5690741349541113,42464157.899133,1124052.0,93.0,Extreme Greed,7947.0,18249706.18
2020-11-27,17104.99,18556108,317402051100.6428,136839170779.58171,0.5688774842346802,23107750.74308464,1103102.0,86.0,Extreme Greed,7947.0,18058528.54
2020-11-28,17725.46,18557071,328932620524.79095,137057631893.63077,0.5833261180512772,6255758.071277033,1050527.0,87.0,Extreme Greed,7947.0,18275380.91
2020-11-29,18157.22,18558008,336961843912.9176,137318921465.09612,0.5924793149559568,9113160.902054155,890930.0,89.0,Extreme Greed,7947.0,19240041.11
2020-11-30,19609.52,18558714,363927488946.27893,138401778023.78403,0.6196995769005672,25770792.792184904,893152.0,88.0,Extreme Greed,7947.0,19888847.47
2020-12-01,18821.29,18559664,349316833408.93896,139000992618.71375,0.6020776002627168,24295303.21350471,1173772.0,95.0,Extreme Greed,7947.0,20657134.62
2020-12-02,19223.48,18560483,356797084217.0783,139774450304.30017,0.6082522630166444,18821866.0493831,1021215.0,92.0,Extreme Greed,7947.0,20288690.61
2020-12-03,19419.85,18561464,360460862098.61676,140357369825.85025,0.6106168946922994,20438226.820962835,1173550.0,92.0,Extreme Greed,7982.0,20648519.7
2020-12-04,18760.84,18562364,348245555940.08295,140680444860.15054,0.596030896990527,16570131.932282465,1077773.0,92.0,Extreme Greed,7982.0,20349581.21
2020-12-05,19233.94,18563264,357044721270.58374,140883572551.49854,0.6054175733220518,6771496.556733354,1079810.0,93.0,Extreme Greed,7982.0,20390126.55
2020-12-06,19317.22,18564114,358607089599.7089,141097725058.5544,0.606539499216111,7874559.925582208,917267.0,95.0,Extreme Greed,7982.0,20494977.37
2020-12-07,19197.26,18565052,356398135820.1542,141478198345.19617,0.6030332818110222,15898240.68913873,1021066.0,94.0,Extreme Greed,7982.0,20756762.74
2020-12-08,18292.99,18565952,339626779672.38086,141706684115.26523,0.5827576251438069,15935666.3450852,1066186.0,95.0,Extreme Greed,7982.0,20389126.62
2020-12-09,18529.44,18566821,344032796543.5267,142078548517.33698,0.5870203365935162,14402487.706824403,1062898.0,86.0,Extreme Greed,7982.0,19709089.04
2020-12-10,18262.06,18567633,339083237856.2724,142608444007.84283,0.5794293905253717,16969264.725134194,996602.0,94.0,Extreme Greed,8024.0,19706886.58
2020-12-11,18157.02,18568496,337148554058.4586,142869561439.78802,0.5762415121762151,33334781.847037718,1079183.0,89.0,Extreme Greed,8024.0,19358591.74
2020-12-12,19267.95,18569321,357792749428.4482,143320520287.9466,0.5994314571301619,20144026.85437823,968846.0,90.0,Extreme Greed,8024.0,19888777.53
2020-12-13,19151.1,18570296,355641596586.8433,144420775005.53876,0.5939148390076666,34686741.11099057,950680.0,91.0,Extreme Greed,8024.0,20717040.43
2020-12-14,19259.97,18571202,357680799065.07184,144821006609.61453,0.5951110403797,13867284.301072909,984087.0,95.0,Extreme Greed,8024.0,20789589.67
2020-12-15,19396.99,18572077,360242397569.7788,145314335566.85345,0.5966206738930385,15620377.006131126,1051635.0,91.0,Extreme Greed,8024.0,21025277.15
2020-12-16,21318.0,18572971,395938596736.6909,146786833101.9112,0.6292686939042518,26429124.35453969,1097503.0,92.0,Extreme Greed,8024.0,21124828.51
2020-12-17,22800.0,18573777,423482122325.3379,149116856512.92395,0.6478792169687727,28148508.83747998,1071650.0,92.0,Extreme Greed,8071.0,24309709.69
2020-12-18,23048.0,18574758,428111034944.49066,151671983054.67,0.6457181182579517,33009937.47129579,1197425.0,95.0,Extreme Greed,8071.0,24474598.58
2020-12-19,23864.0,18575746,443291603617.18695,152494187366.03592,0.6559957686504587,15390456.425316062,1169455.0,93.0,Extreme Greed,8071.0,24716814.88
2020-12-20,23595.0,18576689,438316995712.3398,153352757845.64685,0.6501327592912008,23914307.33479176,1083241.0,92.0,Extreme Greed,8071.0,25193058.92
2020-12-21,22862.0,18577539,424719714792.6261,154033337734.72052,0.6373294378154098,16921511.77090038,1128469.0,92.0,Extreme Greed,8071.0,24775780.35
2020-12-22,23842.0,18578433,442947012579.19763,155890466197.0018,0.6480606894958365,43791035.00314168,1102546.0,88.0,Extreme Greed,8071.0,24643549.85
2020-12-23,23308.0,18579396,433048563016.1831,157340191085.47253,0.6366684835769962,29208345.17974545,1136451.0,93.0,Extreme Greed,8071.0,25101474.73
2020-12-24,23667.0,18580183,439737203958.8277,158871869536.63538,0.6387117848879795,17833834.999146752,975648.0,86.0,Extreme Greed,8127.0,24761452.55
2020-12-25,24672.0,18581083,458432493221.5235,159340417628.6098,0.6524233775209005,6918999.683460048,1030824.0,94.0,Extreme Greed,8127.0,25571343.06
2020-12-26,26484.0,18581939,492124093530.01086,160420368417.13635,0.6740245589960054,14767403.276242524,954572.0,93.0,Extreme Greed,8127.0,26378442.9
2020-12-27,26326.0,18582864,489212498592.40546,161924666245.3211,0.6690095475663,24006712.825903326,1066007.0,91.0,Extreme Greed,8127.0,28432054.76
2020-12-28,27125.0,18583864,504087332563.5873,165673509500.52243,0.6713396691442869,61211536.96182741,1150934.0,92.0,Extreme Greed,8127.0,28583767.63
2020-12-29,27425.0,18584814,509688545752.07855,168301016392.50266,0.6697963534884553,24664001.315428343,1154875.0,91.0,Extreme Greed,8127.0,28274216.87
2020-12-30,29260.0,18585889,543823135400.8503,170251800451.6654,0.6869353483349446,15239805.798347736,1221406.0,91.0,Extreme Greed,8127.0,29771591.11
2020-12-31,29022.0,18586927,539429803954.64716,171780996051.40958,0.6815507879022343,19058753.03240406,1208507.0,95.0,Extreme Greed,8259.0,30713841.57
2021-01-01,29335.0,18587858,545274830416.7231,173617088521.75488,0.6815970977624823,24022802.954731416,1003679.0,94.0,Extreme Greed,8259.0,30987233.49
2021-01-02,32152.0,18588802,597667171387.9062,176732488231.06793,0.7042961422481032,56538224.71077423,1144893.0,94.0,Extreme Greed,8259.0,31589937.86
2021-01-03,33055.0,18589789,614485501672.765,179793318851.81683,0.7074083629924875,36177481.547195084,1194159.0,93.0,Extreme Greed,8259.0,35471578.87
2021-01-04,31538.0,18590871,586318891016.2941,182537846499.6995,0.688671388050796,55532906.97445431,1282620.0,94.0,Extreme Greed,8259.0,33603177.23
2021-01-05,34042.0,18591852,632903835825.4014,185576648330.45203,0.706785394832641,21918167.52233422,1239159.0,93.0,Extreme Greed,8259.0,34094838.14
2021-01-06,36934.0,18592958,686712330899.9574,189214095944.48395,0.7244638148604189,25049561.390599877,1348469.0,95.0,Extreme Greed,8259.0,37132193.4
2021-01-07,39567.0,18594008,735709136098.866,194835731608.76236,0.7351728800842566,39109338.62050325,1296041.0,91.0,Extreme Greed,8323.0,40515408.31
2021-01-08,41078.0,18594933,763842680160.317,200154372346.62317,0.7379638798075353,32448903.296567302,1239817.0,93.0,Extreme Greed,8323.0,42451608.48
2021-01-09,40431.0,18595802,751846882587.9708,203503429766.37515,0.7293286246451066,28154486.3411285,1102937.0,93.0,Extreme Greed,8323.0,43219078.3
2021-01-10,37897.0,18596796,704762779716.2644,205052666099.70856,0.7090472539110788,21916250.700684626,1183247.0,94.0,Extreme Greed,8323.0,42446596.81
2021-01-11,35670.0,18597758,663382047299.1141,206482207205.4241,0.6887431487691092,25304349.23212802,1211325.0,90.0,Extreme Greed,8323.0,36301699.95
2021-01-12,34064.0,18598683,633545556275.8907,207324025304.5383,0.6727559316756462,15528805.640789552,1213665.0,84.0,Extreme Greed,8323.0,36803782.35
2021-01-13,37414.0,18599633,695886689451.5435,209035397815.3678,0.6996128809704392,15413218.902490364,1167744.0,78.0,Extreme Greed,8323.0,36344505.39
2021-01-14,39399.0,18600552,732843159869.5608,211174990208.26736,0.7118414938254257,15407697.278049076,1170691.0,83.0,Extreme Greed,8385.0,40263436.25
2021-01-15,36887.0,18601521,686154306785.8438,212302528204.1234,0.6905906935152629,18491492.460482564,1210419.0,88.0,Extreme Greed,8385.0,39695252.38
2021-01-16,35888.0,18602439,667604359361.9178,212973047780.50815,0.6809891295735946,10488847.147995723,1120288.0,84.0,Extreme Greed,8385.0,38553349.02
2021-01-17,35763.0,18603271,665308782381.2964,213581509579.5843,0.6789738611068293,9590025.33447839,1013696.0,79.0,Extreme Greed,8385.0,37396561.41
2021-01-18,36595.0,18604177,680819868109.4623,214840833954.25504,0.6844380664876354,13619846.426187536,1089176.0,79.0,Extreme Greed,8385.0,37561232.18
2021-01-19,35808.0,18605108,666211726778.3201,215654150317.089,0.6762978770128325,13571983.281518724,1106816.0,80.0,Extreme Greed,8385.0,38320108.22
2021-01-20,35363.0,18605989,657963617119.558,216220784112.57013,0.6713788141369512,10272617.719016757,1097696.0,78.0,Extreme Greed,8385.0,36362806.67
2021-01-21,30536.0,18606796,568177124029.2333,216017098530.1969,0.6198067655411579,10379979.202023596,1076270.0,75.0,Greed,8507.0,33740739.11
2021-01-22,32526.0,18607677,605233311696.2255,216447068783.4702,0.6423741644740998,11496596.427322708,1104242.0,40.0,Fear,8507.0,33104127.14
2021-01-23,32016.0,18608652,595774611875.7903,216707232456.2235,0.6362597060423186,6134697.822353663,1141651.0,74.0,Greed,8507.0,34056128.2
2021-01-24,32274.0,18609521,600603682205.3927,216910199120.49335,0.6388463714974111,5427720.975986084,1006839.0,70.0,Greed,8507.0,34109830.81
2021-01-25,32223.0,18610396,599682791757.0992,217242657356.38477,0.6377373832591504,10150991.566392954,1124366.0,74.0,Greed,8507.0,35314211.17
2021-01-26,32582.0,18611402,606396709574.7438,217597243270.20367,0.641163548821363,7701182.425321762,1187215.0,71.0,Greed,8507.0,33915730.08
2021-01-27,30077.0,18612289,559801840163.3416,218640732516.25232,0.6094319153140756,38830571.065093786,1108803.0,78.0,Extreme Greed,8507.0,33167719.51
2021-01-28,33128.0,18613196,616617958577.798,219923730672.03735,0.6433387519570761,13535352.489045436,1104152.0,55.0,Greed,8634.0,33694074.97
2021-01-29,34639.0,18614146,644775404851.749,221498832153.93558,0.6564713379461736,18028328.856838606,1217517.0,77.0,Extreme Greed,8634.0,36900992.13
2021-01-30,34077.0,18614996,634343220224.4753,222172277593.7213,0.6497601448075679,10179934.825676166,1089061.0,76.0,Extreme Greed,8634.0,36266849.94
2021-01-31,33065.0,18615896,615534602726.9647,222822915290.66003,0.6380009924649215,19152806.494267076,1080549.0,78.0,Extreme Greed,8634.0,35689346.81
2021-02-01,33423.0,18616639,622223951867.3143,223297120382.8916,0.641130625536401,7426675.5295155,985271.0,77.0,Extreme Greed,8634.0,35914683.01
2021-02-02,35486.0,18617596,660664013251.8395,224502064819.4651,0.6601872353929972,8359084.6965574995,1216319.0,76.0,Extreme Greed,8634.0,37123194.93
2021-02-03,37809.0,18618533,703948134801.807,225604216553.90848,0.6795158543641483,10678606.66381717,1193553.0,78.0,Extreme Greed,8634.0,39048612.49
2021-02-04,36845.0,18619533,686036713464.455,226944601161.21487,0.6691946703330865,15629796.287036266,1234322.0,80.0,Extreme Greed,8789.0,40165232.51
2021-02-05,38373.0,18620589,714527892202.4207,228969665459.05344,0.679551116257631,19796353.32381965,1262339.0,81.0,Extreme Greed,8789.0,40349785.88
2021-02-06,39282.0,18621583,731493044813.5492,230109471677.84787,0.6854249356034537,9997138.799254062,1163846.0,84.0,Extreme Greed,8789.0,42945632.62
2021-02-07,38779.0,18622558,722164197815.4288,231265558074.07208,0.6797604218352858,26296481.703246716,1156711.0,86.0,Extreme Greed,8789.0,41850260.56
2021-02-08,46503.0,18623571,866051924304.2845,234786973795.51953,0.7288996569297757,18325598.910034608,1248703.0,83.0,Extreme Greed,8789.0,42718277.62
2021-02-09,46567.0,18624464,867285452107.4127,239584979389.36105,0.7237530287090661,26123586.40943343,1184738.0,95.0,Extreme Greed,8789.0,50057174.93
2021-02-10,44639.0,18625358,831417380088.9586,242098304733.29248,0.7088125524782886,16597944.08646242,1189874.0,92.0,Extreme Greed,8789.0,49658510.16
2021-02-11,47927.0,18626164,892696200128.5731,244691363283.03662,0.7258962643194916,13502735.97270413,1067365.0,93.0,Extreme Greed,8929.0,49724012.32
2021-02-12,47414.0,18627052,883183057513.753,246841497018.6104,0.7205092478636382,15224734.345558535,1153257.0,92.0,Extreme Greed,8929.0,51222047.14
2021-02-13,46941.0,18628033,874418522634.4818,247903712680.25748,0.7164930679494717,7509679.997214916,1224565.0,92.0,Extreme Greed,8929.0,50671159.83
2021-02-14,48824.0,18628958,909540271999.6621,248896320089.2915,0.7263493132172338,10284603.261333086,1118956.0,95.0,Extreme Greed,8929.0,52466458.95
2021-02-15,47701.0,18629908,888665267503.6598,251681683222.72574,0.7167868572947359,14194852.88854369,1146713.0,93.0,Extreme Greed,8929.0,51856678.87
2021-02-16,49238.0,18630664,917336673174.7802,253428275644.65524,0.7237347169741141,15550380.522595162,996107.0,95.0,Extreme Greed,8929.0,53156526.35
2021-02-17,52354.0,18631527,975434980000.9097,256459644423.29083,0.7370817638474975,16184771.26324018,1142715.0,95.0,Extreme Greed,8929.0,55652562.15
2021-02-18,51727.0,18632383,963797303630.7128,259426082527.56705,0.7308292090564217,20702064.051620983,1142938.0,91.0,Extreme Greed,9139.0,56526842.46
2021-02-19,56084.0,18633339,1045032229061.1512,264889876541.0607,0.7465246820387198,23315496.50974644,1251425.0,93.0,Extreme Greed,9139.0,57501189.37
2021-02-20,55926.0,18634252,1042139193848.5459,268383808521.18375,0.7424683668886289,20903854.33599558,1194604.0,91.0,Extreme Greed,9139.0,61259004.5
2021-02-21,57064.0,18635133,1063395260610.2228,270709544060.53525,0.7454290477980969,14272851.239017105,1046663.0,91.0,Extreme Greed,9139.0,62463848.19
2021-02-22,54304.0,18635964,1012007432226.103,272621014201.7776,0.7306136244453306,14957239.038250912,1099114.0,94.0,Extreme Greed,9139.0,59834469.67
2021-02-23,48963.0,18636758,912511608637.4131,275107766257.0587,0.6985158723976597,33662546.84081273,1062759.0,94.0,Extreme Greed,9139.0,52736650.98
2021-02-24,49849.0,18637752,929073314152.0073,277423903717.20233,0.7013971884765462,31468946.97246701,1242366.0,76.0,Extreme Greed,9139.0,54517879.45
2021-02-25,46937.0,18638727,874845943044.0519,278669261282.97,0.6814647613117663,18179700.98037783,1220347.0,79.0,Extreme Greed,9191.0,55027064.23
2021-02-26,46551.0,18639596,867691835489.4431,281034552284.46234,0.6761124851129457,20237131.240580995,1125612.0,55.0,Greed,9191.0,50949896.98
2021-02-27,46223.0,18640577,861623404305.4426,280513800746.53094,0.6744357229099944,10218610.41760362,1206169.0,56.0,Greed,9191.0,51720398.48
2021-02-28,46799.0,18641396,872398693508.596,280982993359.334,0.6779190575936306,10763891.169021765,1033344.0,55.0,Greed,9191.0,49475828.9
2021-03-01,50045.0,18642208,932949326633.0717,282662281895.0191,0.6970228995018182,8191387.059014987,1089767.0,38.0,Fear,9191.0,52870455.45
2021-03-02,48532.0,18643102,904787040579.5306,283991801460.9781,0.6861230447342871,18171213.064754453,1135127.0,78.0,Extreme Greed,9191.0,53844333.59
2021-03-03,50202.0,18644052,935968713312.1321,285185975473.66455,0.6953039440127534,7852392.530781039,1186307.0,78.0,Extreme Greed,9191.0,56345381.94
2021-03-04,47973.0,18644852,894449499146.6418,285791723322.37524,0.6804831087780387,10231955.22667319,1046912.0,84.0,Extreme Greed,9350.0,55020701.53
2021-03-05,49092.0,18645783,915358805789.7144,286914166511.8385,0.6865555182327581,16702327.930848047,1169125.0,77.0,Extreme Greed,9350.0,52998016.16
2021-03-06,49178.0,18646733,917009062274.5818,287485836097.77515,0.6864961886148812,6832356.900473674,1133061.0,77.0,Extreme Greed,9350.0,54211641.51
2021-03-07,51313.0,18647646,956866661505.5948,288172762851.0658,0.6988370747522581,4727050.789171933,1050961.0,76.0,Extreme Greed,9350.0,56452213.91
2021-03-08,52487.0,18648614,978809844743.6407,289935887490.6308,0.7037873198276141,22497140.5024616,1174982.0,81.0,Extreme Greed,9350.0,57341775.64
2021-03-09,54964.0,18649489,1025050557090.7838,291735738685.476,0.7153938050495218,9501603.441122008,1091855.0,81.0,Extreme Greed,9350.0,61156603.11
2021-03-10,56062.0,18650421,1045579904623.162,293674153016.5874,0.7191279674388629,9887124.469983356,1183225.0,68.0,Greed,9350.0,63503179.65
2021-03-11,57900.0,18651246,1079907146003.8186,297054332604.06616,0.724926042296033,38419651.54585773,1086813.0,73.0,Greed,9466.0,63952077.5
2021-03-12,57166.0,18652183,1066270724531.8098,299476064773.3814,0.719136934098159,17450388.695601877,1189146.0,70.0,Greed,9466.0,64642309.2
2021-03-13,61200.0,18653077,1141568330452.2227,301649457996.92847,0.7357587365116965,10326725.174275586,1115003.0,74.0,Greed,9466.0,67826512.27
2021-03-14,59136.0,18654058,1103126406115.4026,303251741224.01416,0.7250979221031449,19306506.784089822,1167849.0,78.0,Extreme Greed,9466.0,68883415.04
2021-03-15,55861.0,18654983,1042086035805.6228,304054091038.1107,0.7082255393595688,10804586.935691793,1171124.0,76.0,Extreme Greed,9466.0,64926229.44
2021-03-16,57141.0,18655914,1066017627299.4355,306194545809.1834,0.7127678398856572,16837681.458241902,1167296.0,71.0,Greed,9466.0,63819547.52
2021-03-17,59384.0,18656764,1107913320584.5554,308080912965.876,0.7219268807027911,13841304.598505449,1126910.0,71.0,Greed,9466.0,64223739.77
2021-03-18,57582.0,18657714,1074348533324.0178,308930805922.16406,0.7124482452949074,6989040.992003308,1215720.0,72.0,Greed,9726.0,67135482.46
2021-03-19,58290.0,18658639,1087612113648.8572,309805351265.05963,0.7151508820311997,6578981.094904636,1167771.0,71.0,Greed,9726.0,67233202.65
2021-03-20,58122.0,18659602,1084533404588.3021,310791621313.03357,0.7134328735305183,13272495.750611307,1141757.0,75.0,Greed,9726.0,67873203.04
2021-03-21,57300.0,18660577,1069251079001.8359,311622066114.72626,0.7085604380164565,7171639.768383799,1106142.0,73.0,Greed,9726.0,66465101.89
2021-03-22,54404.0,18661521,1015261390930.6001,312596301197.1381,0.6921026407685917,13857903.009880768,1151605.0,70.0,Greed,9726.0,66698533.07
2021-03-23,53893.0,18662527,1005779583507.8699,314594502883.7027,0.6872132741186816,21499497.23196272,1241577.0,66.0,Greed,9726.0,63849640.15
2021-03-24,52353.0,18663477,977089026823.6146,315579526383.57416,0.6770207036205484,10757771.250924906,1163137.0,65.0,Greed,9726.0,64846617.75
2021-03-25,51962.0,18664439,969841620626.281,316879642403.5418,0.673266608006661,24313050.63214588,1212507.0,60.0,Greed,10105.0,61345831.68
2021-03-26,55349.0,18665289,1033105124861.8477,318309517082.8955,0.6918904868219857,11382248.620085789,1098747.0,54.0,Neutral,10105.0,62019794.44
2021-03-27,55839.0,18666283,1042306606867.6334,319921543277.1106,0.6930638823843331,12614732.474836782,1154901.0,65.0,Greed,10105.0,64156603.44
2021-03-28,55857.0,18667277,1042698107865.1929,320575197677.1657,0.692552239944592,7841178.453947347,1076855.0,74.0,Greed,10105.0,65438300.66
2021-03-29,57662.0,18668221,1076446961895.1155,322011508306.15485,0.7008570605845323,7055994.536840131,1120823.0,72.0,Greed,10105.0,67582929.69
2021-03-30,58853.0,18669133,1098734516522.1759,323612143201.96826,0.7054683016364156,11069758.754026713,1156112.0,72.0,Greed,10105.0,69049971.25
2021-03-31,58725.0,18670114,1096402491334.6696,325218071447.1212,0.7033771137721261,14842571.194428276,1250484.0,76.0,Extreme Greed,10105.0,69006305.86
2021-04-01,58754.0,18671021,1096997170476.2238,327283320119.7906,0.7016552741173326,27864628.144028723,1142109.0,74.0,Greed,10320.0,69126874.77
2021-04-02,58997.0,18671896,1101585850965.1516,328639507369.5972,0.701666913131046,21374888.004301094,1111012.0,74.0,Greed,10320.0,69887318.0
2021-04-03,56992.0,18672714,1064195361594.9849,328913726139.2739,0.6909273071381296,4582013.287843429,1030457.0,73.0,Greed,10320.0,70185427.69
2021-04-04,58229.0,18673627,1087346643758.864,329554441552.01154,0.6969186933683171,5563843.265950296,1043022.0,74.0,Greed,10320.0,68811983.15
2021-04-05,59439.0,18674602,1109999685810.7788,330520194499.77185,0.7022339747255428,8055668.502957481,1228663.0,71.0,Greed,10320.0,69761587.0
2021-04-06,57983.0,18675502,1082861649569.3011,335959552602.37335,0.6897484062382314,38317484.29817539,1196409.0,75.0,Greed,10320.0,69964240.05
2021-04-07,55990.0,18676483,1045696313682.9241,336639299587.704,0.6780716397458969,8802533.381811744,1248797.0,72.0,Greed,10320.0,68108200.03
2021-04-08,58091.0,18677321,1084984256823.408,337704283734.16864,0.688747295999583,9623361.462431086,1099569.0,73.0,Greed,10526.0,68775492.9
2021-04-09,58139.0,18678271,1085936000283.5667,338490902271.27655,0.6882957170745904,10528741.68917113,1230349.0,70.0,Greed,10526.0,70091311.91
2021-04-10,59742.0,18679252,1115935890606.155,339561959962.09094,0.6957155309543388,10625557.849494075,1167249.0,70.0,Greed,10526.0,72930850.97
2021-04-11,60148.0,18680158,1123574176162.9133,340886520078.0106,0.6966052377225662,15522776.736971533,1056332.0,76.0,Extreme Greed,10526.0,72801996.66
2021-04-12,59882.0,18681058,1118659147789.951,342485959298.40533,0.6938424362997179,18681041.98758914,1131846.0,74.0,Greed,10526.0,72744357.59
2021-04-13,63484.0,18681946,1186004662718.9363,345139779637.0124,0.7089895255168951,15015031.630376,1178670.0,74.0,Greed,10526.0,76154358.6
2021-04-14,63334.0,18682789,1183255808874.6907,347955496562.2657,0.705933836155699,34211749.54149034,1155927.0,75.0,Greed,10526.0,76911439.87
2021-04-15,63215.0,18683864,1181100513014.089,350186950754.3054,0.703507917492431,25433333.203567687,1368431.0,79.0,Extreme Greed,10680.0,76272619.5
2021-04-16,61433.0,18684508,1147845413443.201,351148612246.51666,0.6940802235789109,7095249.206116666,938240.0,78.0,Extreme Greed,10680.0,74756908.45
2021-04-17,60096.0,18685077,1122898405118.5747,351974820906.1397,0.6865479376391382,9731808.673982307,842490.0,76.0,Extreme Greed,10680.0,74362095.97
2021-04-18,57020.0,18685852,1065467297859.2441,356044112359.8891,0.6658329044211312,32774979.89366665,1052008.0,79.0,Extreme Greed,10680.0,67593722.6
2021-04-19,55618.0,18686458,1039303451354.1948,356160144505.0482,0.6573088023127629,5218849.834034697,890829.0,74.0,Greed,10680.0,68417660.89
2021-04-20,56737.0,18687258,1060258988066.0173,357131539532.5965,0.6631657514320836,14329722.847898986,1126095.0,73.0,Greed,10680.0,67122985.72
2021-04-21,53840.0,18687889,1006155986561.2365,357198254157.5564,0.6449871998691162,7887237.235978557,925508.0,73.0,Greed,10680.0,67087958.47
2021-04-22,51966.0,18688783,971181325697.9609,357859790650.6132,0.6315211370096832,12929595.415306266,1124375.0,65.0,Greed,10722.0,65470945.02
2021-04-23,51141.0,18689627,955806229492.1099,358155873171.1059,0.6252840145628465,17474596.971871395,1121878.0,55.0,Greed,10722.0,60341092.89
2021-04-24,50068.0,18690533,935797633529.606,358807393084.352,0.6165758704357737,21998685.579227656,1129981.0,37.0,Fear,10722.0,60406286.69
2021-04-25,49038.0,18691414,916589598715.7859,358801317918.2829,0.6085474694225291,13766666.84060266,1033207.0,31.0,Fear,10722.0,60461702.82
2021-04-26,54018.0,18692127,1009711332219.7413,360195176572.01373,0.6432691551751097,12947507.775706915,948648.0,27.0,Fear,10722.0,64875143.49
2021-04-27,55194.0,18693014,1031742258593.6271,361881683695.80975,0.6492518546355828,25280526.98642754,1097455.0,50.0,Neutral,10722.0,66696202.36
2021-04-28,54819.0,18693902,1024781029908.0131,362569734385.9193,0.6461978473406514,10841033.872750662,1121374.0,59.0,Greed,10722.0,67216232.11
2021-04-29,53428.0,18694664,998818550665.7084,363833066985.58777,0.6357365742325325,15774106.395801945,997878.0,52.0,Neutral,10839.0,66322309.2
2021-04-30,58121.0,18695571,1086605284704.7571,365870413891.84595,0.6632904155336802,20342112.730816517,1119846.0,51.0,Neutral,10839.0,67334865.2
2021-05-01,57590.0,18696439,1076727967792.3776,366500284772.8414,0.6596166388022042,6105451.293340421,1051906.0,68.0,Greed,10839.0,71180956.85
2021-05-02,56601.0,18697596,1058302633741.4012,367025436188.8817,0.6531942522987567,7063585.8375584325,1248557.0,66.0,Greed,10839.0,70328836.01
2021-05-03,57153.0,18698702,1068686932264.4752,367999905343.7836,0.6556522829712003,12148620.281916618,1271240.0,61.0,Greed,10839.0,72334353.94
2021-05-04,53464.0,18699833,999767900648.3274,368452431456.4543,0.6314620311199018,12252945.493391518,1295533.0,68.0,Greed,10839.0,69327530.67
2021-05-05,57410.0,18700814,1073613777379.2828,369723566171.0778,0.6556270290480233,9953009.340566538,1216036.0,48.0,Neutral,10839.0,69869464.36
2021-05-06,56508.0,18701877,1056805682184.219,370940716794.92126,0.648998180982282,10340437.058577769,1242447.0,65.0,Greed,11061.0,71848377.56
2021-05-07,57342.0,18702952,1072464690498.2247,373569917833.1307,0.6516715924143061,24963586.18349765,1195684.0,64.0,Greed,11061.0,72050361.57
2021-05-08,58850.0,18704021,1100731638496.541,374508793236.2969,0.6597637606312216,7144977.614750186,1177646.0,67.0,Greed,11061.0,74484184.02
2021-05-09,58214.0,18705183,1088903554886.9395,375399919861.4834,0.655249614920707,10297243.283710068,1241581.0,73.0,Greed,11061.0,73714558.45
2021-05-10,55902.0,18706308,1045720060280.9666,375958931631.0694,0.6404784168240439,10867338.380393883,1317509.0,72.0,Greed,11061.0,74310997.5
2021-05-11,56929.0,18707383,1064992637831.6517,376567132878.50964,0.6464133933871988,9750359.6402051,1250431.0,61.0,Greed,11061.0,71894305.19
2021-05-12,48383.0,18708458,905171349781.33,377213913008.43066,0.5832679491020596,20103260.20265039,1266735.0,68.0,Greed,11061.0,73572411.24
2021-05-13,50028.0,18709464,935997104762.8071,377230935133.01526,0.5969742500126535,20651038.681866635,1192795.0,31.0,Fear,11277.0,65388923.53
2021-05-14,49906.0,18710302,933756346332.8207,377363950251.8685,0.595864647416957,10663331.965511288,1072614.0,26.0,Fear,11277.0,66313643.01
2021-05-15,46781.0,18711071,875322614554.7865,377235595275.6167,0.5690325041270763,7806703.735754306,963546.0,27.0,Fear,11277.0,64518178.93
2021-05-16,46160.0,18711896,863741121435.8595,377141707837.0586,0.5633625649197892,9521735.303495253,979398.0,20.0,Extreme Fear,11277.0,64112859.23
2021-05-17,44251.0,18712652,828053576704.7599,376117641199.1422,0.5457810318314151,9775027.3897991,965712.0,27.0,Fear,11277.0,59359490.1
2021-05-18,42946.0,18713277,803660406709.8229,375714077630.6681,0.5324964692875221,13204048.950341802,857995.0,21.0,Extreme Fear,11277.0,59433017.02
2021-05-19,37287.0,18714058,697791100966.3322,373017808874.8137,0.4654305445308172,30300527.727035124,1027970.0,23.0,Extreme Fear,11277.0,52647669.92
2021-05-20,40904.0,18714758,765508483523.4921,372137032482.8559,0.5138694861094434,18778691.15719405,945687.0,11.0,Extreme Fear,11400.0,53411271.97
2021-05-21,37400.0,18715446,699957682081.914,371273846778.47253,0.46957672401826217,13961952.228000572,950130.0,19.0,Extreme Fear,11400.0,53361154.32
2021-05-22,37264.0,18716171,697439397819.7979,370519737569.52625,0.46874274850578496,5898759.607516042,920088.0,12.0,Extreme Fear,11400.0,50557153.2
2021-05-23,35197.0,18716914,658779250038.5929,370087772622.324,0.4382218738664836,13859804.62711138,966136.0,14.0,Extreme Fear,11400.0,46934700.28
2021-05-24,39128.0,18717702,732386255397.6237,371097807909.4732,0.4933031509336579,27808799.04235206,974827.0,10.0,Extreme Fear,11400.0,50601501.23
2021-05-25,38382.0,18718471,718452355648.0753,370558891172.4913,0.4842262145021001,10144828.291297102,975705.0,22.0,Extreme Fear,11400.0,51736340.29
2021-05-26,39467.0,18719233,738791990319.3689,370802729277.9084,0.49809589960820255,10181330.14198202,942873.0,22.0,Extreme Fear,11400.0,53591611.18
2021-05-27,38491.0,18719964,720550164923.2272,370426866182.02814,0.4859110659956671,4656410.765047804,865304.0,27.0,Fear,11554.0,53171427.22
2021-05-28,35976.0,18720708,673496210613.8752,369696995700.34784,0.4510778384879432,5114812.268168054,971076.0,21.0,Extreme Fear,11554.0,50577863.31
2021-05-29,34684.0,18721433,649334201073.7727,369291233300.9666,0.43127709476832193,3030643.216700982,873485.0,18.0,Extreme Fear,11554.0,48503827.59
2021-05-30,35497.0,18722333,664586673845.8341,369648472806.0976,0.4437919275946151,21818882.764577877,997986.0,10.0,Extreme Fear,11554.0,49547288.3
2021-05-31,37441.0,18723214,701015885138.5077,369749708604.0905,0.47255159769876703,3632289.830296641,983731.0,18.0,Extreme Fear,11554.0,51474255.5
2021-06-01,36715.0,18724102,687455415759.8588,370065231326.21716,0.461688390486856,25118458.364796173,921568.0,20.0,Extreme Fear,11554.0,51313629.15
2021-06-02,37651.0,18725139,705020238420.4515,370077136503.5555,0.47508296026694585,8263087.529604262,1088204.0,23.0,Extreme Fear,11554.0,52714972.01
2021-06-03,39400.0,18726058,737806706671.8558,370537053663.8096,0.4977857339691976,17153925.002586015,1021654.0,24.0,Extreme Fear,11711.0,55035560.67
2021-06-04,36913.0,18726877,691265221589.2631,370002544736.1225,0.4647458989974023,4904358.334680277,921892.0,27.0,Fear,11711.0,52873734.51
2021-06-05,35636.0,18727696,667380176258.5851,369701867788.87616,0.4460400818893512,3217366.4038975853,779545.0,24.0,Extreme Fear,11711.0,52135081.21
2021-06-06,35814.0,18728633,670747281779.59,369551591101.6664,0.449044966501851,4717803.792895845,724487.0,17.0,Extreme Fear,11711.0,52092496.93
2021-06-07,33468.0,18729464,626837727758.088,368872242034.99506,0.4115347151259028,8254179.904286193,912797.0,15.0,Extreme Fear,11711.0,52637799.55
2021-06-08,33489.0,18730396,627262233150.0325,367922365850.5023,0.4134472850328606,11649661.18531445,1008747.0,13.0,Extreme Fear,11711.0,48264887.55
2021-06-09,37452.0,18731183,701520286126.2523,368780184181.6726,0.47431287237885605,7811619.21682415,820199.0,14.0,Extreme Fear,11711.0,51334737.29
2021-06-10,36692.0,18731921,687311646982.0745,368685689470.549,0.46358294510297365,10280304.653634464,945059.0,21.0,Extreme Fear,11880.0,54176716.44
2021-06-11,37273.0,18732577,698219353515.4525,368898123429.2938,0.4716586964083206,12712309.870641733,889352.0,21.0,Extreme Fear,11880.0,54439828.81
2021-06-12,35649.0,18733402,667827058413.4197,368675668399.5922,0.4479473933334357,2356216.793746379,1013404.0,28.0,Fear,11880.0,52400982.21
2021-06-13,39150.0,18734227,733444998598.113,369030108616.44763,0.49685373910545194,4393625.171438765,806068.0,23.0,Extreme Fear,11880.0,53261804.68
2021-06-14,40637.0,18735071,761337082054.4849,369768357514.533,0.5143171582859133,6479445.798163471,954988.0,28.0,Fear,11880.0,59881056.33
2021-06-15,40365.0,18735889,756274191574.0028,370103321223.3746,0.510622833164393,7424731.723355314,988537.0,38.0,Fear,11880.0,61274458.77
2021-06-16,38416.0,18736658,719787474663.6044,369995589239.3847,0.4859655075099721,4917435.462594675,956249.0,33.0,Fear,11880.0,60093931.29
2021-06-17,38193.0,18737471,715640231620.5758,369609756079.87695,0.4835257441537471,4867977.512122641,873122.0,26.0,Fear,12128.0,59937233.1
2021-06-18,35818.0,18738246,671166496838.7698,369266082916.03394,0.4498144876788442,4636366.54429061,824328.0,25.0,Extreme Fear,12128.0,58145545.08
2021-06-19,35455.0,18738889,664387337680.6953,369140395824.8682,0.44438977853867956,2326006.9958677515,699555.0,23.0,Extreme Fear,12128.0,56688154.15
2021-06-20,35781.0,18739546,670519697035.106,369121546575.42694,0.44949932387131486,3211880.2941391245,656232.0,21.0,Extreme Fear,12128.0,56411017.69
2021-06-21,32121.0,18740202,601954037916.7622,367991630024.61914,0.3886715482494948,7526577.586007452,827011.0,23.0,Extreme Fear,12128.0,52404398.85
2021-06-22,31890.0,18740771,597643188624.1239,367660664852.85187,0.3848157699257493,7618511.591509065,776294.0,10.0,Extreme Fear,12128.0,52121807.17
2021-06-23,33662.0,18741402,630873084053.3124,367619630647.32007,0.41728433192078596,13090396.09777714,855569.0,14.0,Extreme Fear,12128.0,54400616.45
2021-06-24,34765.0,18742058,651567665315.9154,367736346970.28174,0.43561295849145126,9508860.330317697,861032.0,22.0,Extreme Fear,12326.0,54650771.52
2021-06-25,31495.0,18742746,590302786686.3604,364172124448.3855,0.3830757152737661,20329741.85852965,867884.0,27.0,Fear,12326.0,54094094.88
2021-06-26,32598.0,18743302,610994168211.4634,363847674570.5094,0.40449894041446444,2654961.034051243,721267.0,20.0,Extreme Fear,12326.0,51600645.46
2021-06-27,34650.0,18743664,649467985145.7438,364207749902.1003,0.43922139623191697,4130752.653117264,507419.0,22.0,Extreme Fear,12326.0,54334716.19
2021-06-28,34574.0,18744214,648062482321.3259,364168529294.588,0.4380657124446467,4881933.927845416,789301.0,25.0,Extreme Fear,12326.0,56543095.2
2021-06-29,35847.0,18744777,671944031692.824,364291676002.43665,0.45785413840989236,3748912.777973477,802064.0,25.0,Extreme Fear,12326.0,59036799.18
2021-06-30,34996.0,18745327,656011474014.8037,364101147352.22595,0.4449774710129391,4327187.386401862,776819.0,28.0,Fear,12326.0,57547390.17
2021-07-01,33596.0,18745927,629788173401.8444,363661234760.1469,0.4225657925651325,6065643.981127628,832632.0,28.0,Fear,12502.0,55518239.29
2021-07-02,33826.0,18746489,634118763804.6876,362760578684.19324,0.42792959396494745,10053210.347340548,811147.0,21.0,Extreme Fear,12502.0,55257134.36
2021-07-03,34791.0,18747283,652236741813.0846,362839855346.25446,0.4436991477394635,2449583.764935691,1025372.0,24.0,Extreme Fear,12502.0,57277809.35
2021-07-04,35394.0,18748002,663566793228.2021,362963316835.5178,0.45301163268021777,3779707.0353768417,853740.0,27.0,Fear,12502.0,59062430.33
2021-07-05,33906.0,18748827,635697738263.2854,362867228549.22,0.42918275981197196,4972459.672348397,927307.0,29.0,Fear,12502.0,57399747.59
2021-07-06,34319.0,18749714,643471462048.6084,362840548022.89557,0.4361202175653187,4106681.992847023,844029.0,20.0,Extreme Fear,12502.0,57668446.41
2021-07-07,33883.0,18750483,635322633954.251,362823929073.7367,0.42891389400764945,6627842.825483737,817305.0,28.0,Fear,12502.0,59417805.34
2021-07-08,32934.0,18751352,617557036482.5736,362473907236.4284,0.41305193557347347,4613826.254516775,808253.0,20.0,Extreme Fear,12680.0,57077370.16
2021-07-09,33947.0,18752171,636579950463.6292,362613646033.88654,0.43037218534798266,6292969.963573877,850023.0,20.0,Extreme Fear,12680.0,58487249.37
2021-07-10,33749.0,18753177,632900980527.9749,362596198976.7338,0.4270885807851791,2207860.3215321973,708313.0,20.0,Extreme Fear,12680.0,59776048.3
2021-07-11,34300.0,18753958,643260778092.5039,362669951853.69135,0.43620073816852906,3085928.163301869,719771.0,20.0,Extreme Fear,12680.0,60511545.92
2021-07-12,33072.0,18754746,620256961199.2795,362781180696.1293,0.41511147251828595,13233387.219944077,827843.0,25.0,Extreme Fear,12680.0,60509200.02
2021-07-13,32789.0,18755596,614977238718.5527,362570975514.99194,0.4104318783074112,3962922.5032885736,819404.0,20.0,Extreme Fear,12680.0,59537275.41
2021-07-14,32874.0,18756658,616606393007.3754,362355751967.58685,0.41233863924071795,5295537.367135516,827353.0,21.0,Extreme Fear,12680.0,59425506.01
2021-07-15,31807.0,18757458,596618483939.8914,361887762969.4911,0.39343521410920473,6685722.381026372,838706.0,20.0,Extreme Fear,12920.0,58802858.88
2021-07-16,31439.0,18758396,589745213257.842,361557739782.19946,0.38692552028544724,5695982.30180757,772843.0,22.0,Extreme Fear,12920.0,59051438.47
2021-07-17,31612.0,18759289,593018668998.622,363030443903.8985,0.387826281224981,79380369.89331402,650785.0,15.0,Extreme Fear,12920.0,59033366.42
2021-07-18,31914.0,18760189,598712697116.7032,362913486183.1425,0.39384367839387563,3216574.595965479,645619.0,19.0,Extreme Fear,12920.0,59581047.72
2021-07-19,30982.0,18761252,581261118602.7903,362732870494.00244,0.3759553858239759,5828749.378148231,851081.0,24.0,Extreme Fear,12920.0,58902209.19
2021-07-20,29962.0,18762014,562147487286.9199,362554234446.325,0.35505495862640507,9411964.662774129,829637.0,19.0,Extreme Fear,12920.0,56417447.02
2021-07-21,32324.0,18762921,606492659857.6412,362733148807.42145,0.40191667135334525,5675170.6001535775,817021.0,10.0,Extreme Fear,12920.0,60330127.19
2021-07-22,32398.0,18763877,607912096602.4691,362948355680.4134,0.40295914868468957,5996213.337006309,808746.0,21.0,Extreme Fear,13279.0,62545738.08
2021-07-23,33500.0,18764721,628618155006.5271,362275104825.33374,0.4236960833217231,6072131.780966449,802628.0,23.0,Extreme Fear,13279.0,64026982.66
2021-07-24,34297.0,18765683,643606648541.869,362391185920.72437,0.43693685150434014,2034147.3481875532,726848.0,22.0,Extreme Fear,13279.0,67102921.02
2021-07-25,35492.0,18766639,666065579603.1093,362502849736.9066,0.4557550174670302,3000411.4527178584,655409.0,27.0,Fear,13279.0,68369777.87
2021-07-26,37064.0,18767577,695601484860.8036,364094082630.5525,0.4765766167054529,22964051.81126555,944619.0,26.0,Fear,13279.0,76749615.37
2021-07-27,39181.0,18768639,735374075806.7572,366942078893.4783,0.5010130340929996,22786421.394333985,920476.0,32.0,Fear,13279.0,76291993.69
2021-07-28,39980.0,18769621,750409449377.939,368708931151.3178,0.5086563322770474,34606851.895467035,864677.0,50.0,Neutral,13279.0,81192705.66
2021-07-29,40019.0,18770621,751181483598.6929,373090434670.0625,0.5033284994157546,148285879.16554326,890174.0,50.0,Neutral,13609.0,81858763.67
2021-07-30,42048.0,18771658,789310698498.9388,373810727522.80646,0.5264086395462572,5325265.53151798,856797.0,53.0,Neutral,13609.0,81940599.86
2021-07-31,41719.0,18772646,783176020350.1434,374057537870.28534,0.5223838215794054,3738218.017336384,739461.0,60.0,Greed,13609.0,87167623.77
2021-08-01,39981.0,18773608,750587643236.4839,374024371687.15924,0.5016912747532173,2628223.1720491154,687296.0,60.0,Greed,13609.0,87563700.92
2021-08-02,39279.0,18774502,737443675644.1643,374135756425.46924,0.4926585327365402,4367594.599750178,915849.0,48.0,Neutral,13609.0,84556783.65
2021-08-03,38226.0,18775558,717714500940.0599,373987126834.5297,0.4789193664825182,3776350.97683761,830519.0,48.0,Neutral,13609.0,82696942.75
2021-08-04,39741.0,18776408,746193251985.6909,374329251358.56915,0.49834811509961585,3475911.5659939693,852595.0,42.0,Fear,13609.0,83123102.84
2021-08-05,40801.0,18777408,766137046043.3601,374713606695.43097,0.5109052503979506,3549329.9277047217,853896.0,50.0,Neutral,13817.0,85563664.79
2021-08-06,42815.0,18778402,803997294259.1816,375453486048.78125,0.5330164806154837,7917352.298432656,905783.0,52.0,Neutral,13817.0,89491741.87
2021-08-07,44648.0,18779446,838464707015.8634,375950425198.75793,0.5516204533679375,3943439.679316934,747229.0,69.0,Greed,13817.0,95863866.28
2021-08-08,43642.0,18780433,819615680769.6226,376211361243.8598,0.5409905275475015,6101400.578055565,730494.0,74.0,Greed,13817.0,98044244.89
2021-08-09,46348.0,18781383,870479564542.3141,377314666396.70905,0.5665439123834046,5732720.024142263,929034.0,65.0,Greed,13817.0,101316776.9
2021-08-10,45531.0,18782414,855182128029.8228,377913003880.95215,0.558090620121363,4006769.634580674,895479.0,71.0,Greed,13817.0,101865121.6
2021-08-11,45655.0,18783333,857553092995.6492,378364811404.4622,0.5587855556759308,6120429.928646203,873969.0,70.0,Greed,13817.0,103690922.7
2021-08-12,44675.0,18784277,839187588152.8276,378641781058.46313,0.5487995933163072,4455449.701835005,849471.0,70.0,Greed,14152.0,101688943.2
2021-08-13,47699.0,18785164,896033575555.3198,379512138602.01733,0.5764532167594129,4788005.211572412,937232.0,70.0,Greed,14152.0,105680008.5
2021-08-14,47166.0,18786189,886069427869.6002,380410366236.3539,0.5706765697232277,14386510.804802185,728140.0,76.0,Extreme Greed,14152.0,107486556.5
2021-08-15,47025.0,18787327,883474066046.0094,380659739457.3039,0.5691330916356746,2480484.0482830047,766285.0,71.0,Greed,14152.0,105974396.3
2021-08-16,45928.0,18788333,862910583053.4263,381009085632.7358,0.5584605252093124,4737996.888368721,965998.0,72.0,Greed,14152.0,108279143.0
2021-08-17,44534.0,18789408,836767520141.7367,381173115436.12604,0.5444695136212259,5376472.813039715,969681.0,72.0,Greed,14152.0,106029378.5
2021-08-18,44789.0,18790252,841596610039.4543,381681017615.4914,0.5464798538131017,8872800.900336253,881951.0,73.0,Greed,14152.0,104136393.4
2021-08-19,46746.0,18791214,878414126805.7125,382348223367.53107,0.5647289681486432,5337360.075169198,895377.0,70.0,Greed,14585.0,103910956.2
2021-08-20,49168.0,18792214,923975617039.1321,383323350635.47766,0.5851369413147153,4802438.416878794,986387.0,70.0,Greed,14585.0,109421599.7
2021-08-21,48911.0,18793277,919197985774.3246,383827712325.64404,0.5824319479961536,6431020.599517375,804867.0,78.0,Extreme Greed,14585.0,113433909.3
2021-08-22,49362.0,18794302,927724349884.3564,384264347280.784,0.5857990066460111,4486776.023162859,723240.0,76.0,Extreme Greed,14585.0,113709962.9
2021-08-23,49420.0,18795533,928875267792.4648,385260760040.29126,0.5852395112684079,10945418.577244602,981745.0,79.0,Extreme Greed,14585.0,116421572.2
2021-08-24,47697.0,18796496,896536471856.9799,385415677846.19446,0.570105968976488,4061145.009145427,955195.0,79.0,Extreme Greed,14585.0,114735021.9
2021-08-25,49006.0,18797496,921190091179.8468,387289112102.0136,0.5795774229334367,30546867.22074141,869269.0,73.0,Greed,14585.0,113780646.3
2021-08-26,47152.0,18798408,886382559712.4707,387770266270.11664,0.5625249368670977,12613395.020039467,846598.0,75.0,Greed,14991.0,111495783.3
2021-08-27,49088.0,18799321,922821071455.5344,388325273374.2642,0.579197652301359,3965047.8428683127,864268.0,71.0,Greed,14991.0,112584041.0
2021-08-28,49040.0,18800202,921961920545.3759,388633314256.49774,0.5784714036490723,3867966.696542111,756327.0,78.0,Extreme Greed,14991.0,116269909.6
2021-08-29,48892.0,18801177,919227160305.7201,388864663589.67847,0.576965650731699,3100110.746283571,683619.0,72.0,Greed,14991.0,115689609.9
2021-08-30,47078.0,18802021,885161546755.1428,389084903645.4652,0.560436278471668,7026701.808023994,919072.0,73.0,Greed,14991.0,114427005.7
2021-08-31,47063.0,18802921,884921873139.4683,389518326589.9077,0.5598274396721601,8057407.72542588,935955.0,73.0,Greed,14991.0,111290031.5
2021-09-01,48872.0,18803777,918978203959.8207,390260205223.37,0.5753324686681766,6723724.349756049,970432.0,71.0,Greed,14991.0,111927254.2
2021-09-02,49300.0,18804708,927072131267.0684,390991009844.4104,0.5782517922202811,5690230.376398592,1027555.0,74.0,Greed,15274.0,116936997.8
2021-09-03,49990.0,18805633,940093620913.0983,391568069802.4407,0.5834797076677143,5985441.67337618,1032028.0,74.0,Greed,15274.0,117836161.8
2021-09-04,49921.0,18806602,938844393167.2452,391986758732.2984,0.582479523140242,3898650.040669074,799676.0,72.0,Greed,15274.0,118303198.1
2021-09-05,51781.0,18807627,973877748960.8912,392411791809.09424,0.5970625756386877,3146427.749672026,741843.0,73.0,Greed,15274.0,118739609.2
2021-09-06,52774.0,18808702,992610454914.7974,393124534613.13837,0.6039488273908187,5408767.077972816,975521.0,79.0,Extreme Greed,15274.0,122896032.5
2021-09-07,47056.0,18809658,885107292492.1534,392566231910.86694,0.5564761072010408,6410909.517707887,942065.0,79.0,Extreme Greed,15274.0,121992768.6
2021-09-08,46215.0,18810546,869329385468.3329,392623538787.51965,0.5483604427152753,5403297.827831524,913339.0,47.0,Neutral,15274.0,111698492.0
2021-09-09,46569.0,18811402,876028193474.5026,393340435296.54266,0.5509956891495968,13669472.572838848,942426.0,45.0,Fear,15458.0,112037609.9
2021-09-10,44982.0,18812252,846212732732.3837,393213469137.47034,0.53532551103574,11184689.682677094,909854.0,46.0,Fear,15458.0,112327341.7
2021-09-11,45262.0,18813177,851522030724.9756,393302719229.8169,0.5381179757675045,3759282.407346333,858711.0,31.0,Fear,15458.0,111430469.1
2021-09-12,46292.0,18814096,870942134113.7957,393561247586.4077,0.5481200964207965,3436864.658517876,714327.0,32.0,Fear,15458.0,113317197.9
2021-09-13,45042.0,18815089,847469274545.0819,393495788292.32764,0.5356813513934714,4284439.082320294,929205.0,44.0,Fear,15458.0,110776685.0
2021-09-14,47158.0,18816139,887331520451.2405,394195960112.04297,0.555751203437944,12337915.706226462,952670.0,30.0,Fear,15458.0,114209149.3
2021-09-15,48185.0,18817027,906698460208.1757,395127867877.5222,0.5642124860487776,10758407.776410185,984065.0,49.0,Neutral,15458.0,118872088.9
2021-09-16,47873.0,18817877,900868239742.1448,395655335925.53503,0.5608066546570858,11973234.31004426,1039227.0,53.0,Neutral,15774.0,120202401.6
2021-09-17,47464.0,18818796,893215335478.5016,395864317375.2159,0.5568097617097576,4929266.718381471,951976.0,48.0,Neutral,15774.0,127220026.8
2021-09-18,48373.0,18819764,910368482427.1302,396193280849.6157,0.5647989923889651,3694717.343733286,834526.0,50.0,Neutral,15774.0,123976564.5
2021-09-19,47154.0,18820764,887474343142.0607,396330940455.499,0.5534170159192341,4092124.8123209495,727219.0,53.0,Neutral,15774.0,123009299.8
2021-09-20,43017.0,18821789,809656931610.2657,395453839120.3401,0.5115785171704123,6207912.40836612,1021824.0,50.0,Neutral,15774.0,114118765.5
2021-09-21,40489.0,18822558,762106572927.3292,394671873287.8544,0.48213033805511035,3499191.273286387,856395.0,27.0,Fear,15774.0,111060887.8
2021-09-22,43602.0,18823396,820737714352.8237,395218783063.9073,0.5184590933833848,7064879.941721727,916099.0,21.0,Extreme Fear,15774.0,117060729.4
2021-09-23,45043.0,18824427,847908678647.377,395568818905.1532,0.5334770962172686,4802668.616491495,915781.0,27.0,Fear,15929.0,122620662.3
2021-09-24,42872.0,18825352,807080503589.995,395296063277.06805,0.5102148279895974,4698583.129676186,979201.0,33.0,Fear,15929.0,122943456.4
2021-09-25,42778.0,18826252,805349420674.2677,395319524441.13885,0.5091329126304418,1667892.2049463713,720157.0,28.0,Fear,15929.0,123409107.5
2021-09-26,43323.0,18827121,815647365031.2769,398048603987.41833,0.511984441987188,69963356.74164735,720222.0,27.0,Fear,15929.0,125592782.9
2021-09-27,41949.0,18828089,789819538809.2368,398078916189.22894,0.49598750520987556,8913089.504522009,894903.0,26.0,Fear,15929.0,127156096.9
2021-09-28,41003.0,18829039,772047118713.1942,397768726061.61255,0.4847869820114197,5913975.779940824,943302.0,25.0,Extreme Fear,15929.0,123462641.7
2021-09-29,41656.0,18829852,784376327199.3103,397808497883.2413,0.4928346457067948,6150727.743132276,842156.0,24.0,Extreme Fear,15929.0,124316933.3
2021-09-30,44005.0,18830921,828654680583.947,398428861458.19446,0.5191858915496326,10219022.228217725,1085666.0,20.0,Extreme Fear,16042.0,128604833.9
2021-10-01,48214.0,18831796,907956214512.2299,399774825036.09827,0.5596981234928115,6498510.719029888,962874.0,27.0,Fear,16042.0,140396522.3
2021-10-02,47886.0,18832971,901835651459.4794,400383492464.64594,0.5560349695460718,4406417.633369282,978461.0,54.0,Neutral,16042.0,142274900.2
2021-10-03,48192.0,18833908,907643720599.2405,400686289807.4051,0.5585423214927706,3743987.959351323,815756.0,49.0,Neutral,16042.0,143789698.1
2021-10-04,49290.0,18834883,928371409931.6185,401489343786.0075,0.5675337052704152,6954809.863494632,1040922.0,54.0,Neutral,16042.0,143770436.7
2021-10-05,51627.0,18835908,972441450451.2157,402764106007.72473,0.5858217419456554,8523985.820269598,1058304.0,59.0,Greed,16042.0,150437517.4
2021-10-06,55348.0,18836727,1042575182322.0526,405757570683.07715,0.6108121720494415,10874886.520283807,902218.0,68.0,Greed,16042.0,157046578.6
2021-10-07,53892.0,18837608,1015196399705.575,407125636572.0624,0.5989685969235745,9894712.497136684,1147003.0,76.0,Extreme Greed,16189.0,162732267.2
2021-10-08,53967.0,18838358,1016649695596.4478,407807674922.4061,0.5988710008090312,6383357.181851404,986355.0,74.0,Greed,16189.0,163362906.6
2021-10-09,55044.0,18839296,1036990211499.3815,408418727197.36847,0.60614987232441,4795638.040993291,1017910.0,72.0,Greed,16189.0,165385143.8
2021-10-10,54853.0,18840289,1033446416123.542,409053368263.6397,0.6041852176545359,11448466.24024535,803883.0,71.0,Greed,16189.0,166492022.1
2021-10-11,57586.0,18841202,1084989475358.1976,410284782087.9865,0.6218536756289407,7585503.575745786,1017931.0,71.0,Greed,16189.0,171691103.2
2021-10-12,56296.0,18842039,1060731472297.6852,411404344410.6031,0.6121503366733838,18863505.721679803,962448.0,78.0,Extreme Greed,16189.0,172794903.0
2021-10-13,57562.0,18843096,1084646294540.6184,412554317414.4318,0.61964161082654,6641213.779194521,1004822.0,70.0,Greed,16189.0,171809809.5
2021-10-14,57450.0,18843952,1082585059346.0817,413738282105.01733,0.6178237649474588,7708047.096383898,1002356.0,70.0,Greed,16455.0,177602178.4
2021-10-15,61741.0,18844833,1163498867900.052,416089956395.64624,0.6423804372524842,9304699.987421377,1032014.0,71.0,Greed,16455.0,184323550.6
2021-10-16,61006.0,18845664,1149698626481.9983,416948253455.33405,0.6373412615694184,10310995.095747069,955334.0,78.0,Extreme Greed,16455.0,189623479.5
2021-10-17,61584.0,18846664,1160653004733.4915,417564007736.70624,0.6402335529794393,4088351.107984111,839443.0,79.0,Extreme Greed,16455.0,189013940.3
2021-10-18,62368.0,18847589,1175486480332.7488,419176394301.8639,0.6434017733804933,13222823.340212643,992177.0,78.0,Extreme Greed,16455.0,192203939.3
2021-10-19,64637.0,18848558,1218314278671.2878,422607160938.0276,0.6531213921263983,28692841.52161937,1087443.0,75.0,Greed,16455.0,193919390.6
2021-10-20,66103.0,18849489,1246007823916.9653,425408861658.52625,0.6585825116882447,15643136.785852283,981559.0,82.0,Extreme Greed,16455.0,199967643.1
2021-10-21,62720.0,18850414,1182298015940.5786,426713712871.91516,0.6390810885930122,12698333.204972217,1143093.0,84.0,Extreme Greed,17538.0,201946202.9
2021-10-22,61001.0,18851402,1149954391395.5234,426965715272.95996,0.6287107397756732,14081903.085406993,984230.0,75.0,Greed,17538.0,196287182.8
2021-10-23,61602.0,18852308,1161339910987.301,427426602874.99274,0.6319539190626624,5093867.376874637,824852.0,74.0,Greed,17538.0,191790420.2
2021-10-24,61173.0,18853264,1153310767302.7585,428445629033.1417,0.628508081967235,16972908.5042604,753932.0,73.0,Greed,17538.0,191315319.1
2021-10-25,63182.0,18854402,1191258845800.8552,430341430280.4345,0.6387506948658784,13753108.919386515,1076612.0,72.0,Greed,17538.0,197901066.4
2021-10-26,60729.0,18855339,1145065930408.7915,430910561946.0673,0.6236805667668138,9604802.499979207,1000999.0,76.0,Extreme Greed,17538.0,197901066.4
2021-10-27,58624.0,18856321,1105432964940.3774,430879432343.88794,0.6102165884232267,5712198.457841872,977381.0,73.0,Greed,17538.0,186560162.0
2021-10-28,60765.0,18857277,1145862454828.9104,431992239254.8339,0.6229981727437478,7345794.342829013,1056341.0,66.0,Greed,17714.0,193877674.7
2021-10-29,62376.0,18858346,1176308192901.1086,433304369430.2816,0.6316404390913656,8042802.385393707,1018114.0,70.0,Greed,17714.0,197026175.8
2021-10-30,61893.0,18859314,1167259570605.1377,433747348449.5362,0.6284054040999036,4541409.347595799,912641.0,73.0,Greed,17714.0,195206882.7
2021-10-31,61412.0,18860183,1158241591863.7566,434674937925.36426,0.6247113374456554,18856028.1406914,883834.0,74.0,Greed,17714.0,193462756.4
2021-11-01,61051.0,18861108,1151489537779.022,436719251983.38104,0.6207353713124311,32395290.32217466,1080241.0,74.0,Greed,17714.0,192728777.5
2021-11-02,63283.0,18862096,1193650024013.8972,439371425239.8133,0.631909339923326,19333372.545142114,1039530.0,73.0,Greed,17714.0,198816572.2
2021-11-03,63055.0,18863102,1189412915209.3938,441166886974.6355,0.6290885349122269,16979230.599839587,1058657.0,76.0,Extreme Greed,17714.0,199002854.5
2021-11-04,61649.0,18863996,1162946492176.4148,441429610874.5634,0.6204213918316714,5841504.230998774,1017736.0,73.0,Greed,17832.0,197044061.6
2021-11-05,61247.0,18864964,1155422498797.5864,442487808993.61035,0.6170337608501703,16991613.90456293,1050274.0,73.0,Greed,17832.0,196527810.0
2021-11-06,61673.0,18865927,1163518334062.744,443083975434.0249,0.6191860820216941,5603640.608634697,834639.0,71.0,Greed,17832.0,195596648.5
2021-11-07,63433.0,18866883,1196783023908.1428,443588732165.67914,0.6293490772311238,3104035.7363508423,843881.0,73.0,Greed,17832.0,199125513.5
2021-11-08,67492.0,18867727,1273420650592.18,446488333801.0511,0.6493787550928908,16811375.153617393,998089.0,75.0,Greed,17832.0,211168854.9
2021-11-09,67087.0,18868677,1265842953687.7168,448161283591.4523,0.6459582270566452,12171427.976826044,1195964.0,84.0,Extreme Greed,17832.0,216470149.7
2021-11-10,65061.0,18869608,1227675601544.3557,449181647474.6335,0.6341202456825036,23032413.723801296,1039081.0,75.0,Greed,17832.0,214605661.2
2021-11-11,64947.0,18870596,1225588601332.729,450287123171.1524,0.6325952096147913,10691245.218754975,1049695.0,77.0,Extreme Greed,17977.0,209205617.7
2021-11-12,64425.0,18871483,1215795327384.7542,456399087326.68536,0.6246086186986538,36920934.61220859,960969.0,74.0,Greed,17977.0,206355562.4
2021-11-13,64661.0,18872439,1220310829582.6172,456844502480.79034,0.6256326737368669,7802063.663962949,845061.0,72.0,Greed,17977.0,206319279.4
2021-11-14,65858.0,18873421,1242965763179.6975,457269445155.57495,0.6321142072442854,4428420.254533719,820224.0,74.0,Greed,17977.0,207879239.7
2021-11-15,63934.0,18874364,1206713638801.6733,458236553581.0459,0.6202607322511929,10273240.423726536,1078080.0,72.0,Greed,17977.0,212030056.3
2021-11-16,60449.0,18875302,1140993148428.6995,459021494010.18585,0.5977000434732497,22318814.50707174,1037312.0,71.0,Greed,17977.0,195973163.0
2021-11-17,60613.0,18876233,1144145143861.3247,459714714977.11743,0.5982024505862547,17076973.040815964,1006223.0,52.0,Neutral,17977.0,195335458.1
2021-11-18,57262.0,18877133,1080942421052.1271,458762436801.0675,0.5755903109487233,6994532.933258224,992178.0,54.0,Neutral,18092.0,193040942.1
2021-11-19,58942.0,18877989,1112706474495.1782,459096820505.1555,0.5874052762086764,7382594.011358464,974692.0,34.0,Fear,18092.0,187171375.1
2021-11-20,59950.0,18878896,1131789817896.009,459609083332.78564,0.5939095085806688,6296618.270354152,867447.0,43.0,Fear,18092.0,191441694.6
2021-11-21,59148.0,18879721,1116697740367.9424,459750625726.0862,0.5882944783477378,4970919.700557523,861537.0,49.0,Neutral,18092.0,193696930.5
2021-11-22,56348.0,18880602,1063884178117.0237,459189075216.93463,0.568384336695695,10247797.224608188,931792.0,50.0,Neutral,18092.0,188203872.6
2021-11-23,57749.0,18881427,1090383544857.278,459603356745.14996,0.5784938621709408,10225509.53737167,921004.0,33.0,Fear,18092.0,187030682.4
2021-11-24,57347.0,18882408,1082849482828.4496,459894519398.2893,0.575292294366688,7465143.133178736,1092845.0,42.0,Fear,18092.0,185475305.9
2021-11-25,58844.0,18883221,1111164259170.2712,463478156994.3795,0.5828896104519524,41200427.40400924,986642.0,32.0,Fear,18717.0,190586107.6
2021-11-26,53865.0,18884046,1017189140212.3607,462280298799.104,0.545531621874578,11254310.348762523,1015246.0,47.0,Neutral,18717.0,179354751.3
2021-11-27,54724.0,18884939,1033459445339.9907,462271947616.9248,0.5526946415736274,2877604.5122376494,802097.0,21.0,Extreme Fear,18717.0,180089170.8
2021-11-28,57349.0,18885808,1083082234245.5396,462839581525.7917,0.572664413752295,6168721.147790459,817993.0,27.0,Fear,18717.0,179294945.6
2021-11-29,57849.0,18886702,1092576841061.775,463609418264.6276,0.5756733981162476,9529173.839698143,993337.0,33.0,Fear,18717.0,189591353.1
2021-11-30,57003.0,18887539,1076646430932.7296,463930467836.05756,0.5690967298947518,9404798.51051665,970183.0,40.0,Fear,18717.0,189597883.9
2021-12-01,57162.0,18888396,1079698494722.63,464746773579.96985,0.5695587463985848,12970357.8013132,1066896.0,34.0,Fear,18717.0,189440074.3
2021-12-02,56565.0,18889364,1068476919627.5323,464755712215.51337,0.5650297131569996,7041679.515163618,1188323.0,32.0,Fear,18810.0,186948294.8
2021-12-03,53445.0,18890414,1009598218717.2229,464146047158.5544,0.540266574808056,8280846.573387897,1018511.0,31.0,Fear,18810.0,186151366.7
2021-12-04,49162.0,18891383,928738197837.8623,462356622862.75995,0.5021668927377557,8370413.182996483,973332.0,25.0,Extreme Fear,18810.0,158904632.1
2021-12-05,49370.0,18892421,932718826990.2163,462228793436.0629,0.5044285801245959,6220983.341337837,974419.0,18.0,Extreme Fear,18810.0,161756191.0
2021-12-06,50645.0,18893496,956861107197.5542,461903382959.9653,0.5172722775693293,10435452.658907205,1068510.0,16.0,Extreme Fear,18810.0,160651856.7
2021-12-07,50648.0,18894458,956966536385.6892,463047689335.7504,0.5161296955224703,20754717.09571489,1009283.0,25.0,Extreme Fear,18810.0,167760814.4
2021-12-08,50799.0,18895508,959872938575.9797,462982736187.97577,0.5176624763743896,7288885.188391539,920483.0,28.0,Fear,18810.0,166448497.8
2021-12-09,47874.0,18896527,904652347719.4397,462072246728.68805,0.48922672019418584,14255182.754665509,1118585.0,29.0,Fear,18957.0,162274581.9
2021-12-10,47304.0,18897502,893927448561.3063,461723023564.80035,0.4834893767856654,7718024.325336367,942604.0,24.0,Extreme Fear,18957.0,159621989.9
2021-12-11,49252.0,18898446,930786264606.9097,462199455084.8511,0.5034311606649594,6801900.736071059,818663.0,16.0,Extreme Fear,18957.0,160366379.7
2021-12-12,50142.0,18899321,947649755836.9338,462327144352.0355,0.5121328935037576,2642113.729251336,747889.0,27.0,Fear,18957.0,163462116.0
2021-12-13,46631.0,18900202,881335333216.7908,461717768845.27374,0.4761156719315366,9631282.921878563,978610.0,28.0,Fear,18957.0,160674889.4
2021-12-14,48306.0,18901127,913037855110.8672,462321475957.686,0.4936447888006267,20093592.205176685,970932.0,21.0,Extreme Fear,18957.0,155292194.5
2021-12-15,49049.0,18902008,927124617122.2806,462543549990.11224,0.5010988367175389,8179244.671506231,1059017.0,28.0,Fear,18957.0,158957838.9
2021-12-16,47719.0,18902727,902019243788.7192,462425471951.07544,0.48734411695168917,10812165.845664095,883914.0,29.0,Fear,19093.0,160849350.6
2021-12-17,46079.0,18903658,871061682093.7168,461913113922.6208,0.46971250897829764,6186751.705100858,993181.0,23.0,Extreme Fear,19093.0,155204511.3
2021-12-18,46904.0,18904458,886694723593.3179,461993726097.26495,0.47897093125236845,5380645.004815916,877278.0,24.0,Extreme Fear,19093.0,154084296.0
2021-12-19,46883.0,18905389,886341389757.6235,462033042421.7573,0.4787188686425852,3214106.460372104,741075.0,29.0,Fear,19093.0,155634873.7
2021-12-20,47123.0,18906289,890921094008.4165,461893970527.54254,0.48155456904786337,7154592.855139543,1015320.0,25.0,Extreme Fear,19093.0,153482839.8
2021-12-21,49051.0,18907296,927421778301.8705,462364910550.2702,0.5014513122639082,6426084.517381708,1020149.0,27.0,Fear,19093.0,161042412.8
2021-12-22,48745.0,18908221,921681234837.1094,462477996048.0662,0.4982234870716437,9366556.122558884,1007073.0,45.0,Fear,19093.0,162375664.0
2021-12-23,50901.0,18909171,962495715360.0668,463328555297.3354,0.5186175398983407,10668347.662296256,991258.0,34.0,Fear,19166.0,161490136.3
2021-12-24,51051.0,18910114,965380270398.0625,463639407510.6478,0.519733910327925,3678611.281883662,987514.0,41.0,Fear,19166.0,169878962.8
2021-12-25,50493.0,18911033,954874816786.2186,463551582652.2458,0.5145420378637678,5702662.100214269,878650.0,39.0,Fear,19166.0,169175746.3
2021-12-26,50960.0,18911871,963748948451.7201,463785007157.32886,0.5187698955185293,6611463.588523694,771509.0,37.0,Fear,19166.0,166690125.1
2021-12-27,50686.0,18912796,958613980335.3981,463964292216.4111,0.5160050847014769,5685233.259951878,1001923.0,40.0,Fear,19166.0,168634788.9
2021-12-28,47725.0,18913633,902653160933.739,463431525518.2509,0.4865895943477785,6050358.1851724,1052127.0,41.0,Fear,19166.0,162175875.2
2021-12-29,46876.0,18914539,886637967429.0587,463015734145.3376,0.47778490076629365,9051233.312461078,1147265.0,27.0,Fear,19166.0,157870316.9
2021-12-30,47394.0,18915283,896470948330.3536,463176971751.0253,0.48333298182871787,16029072.409274364,983172.0,22.0,Extreme Fear,19173.0,155635161.3
2021-12-31,46288.0,18916214,875593750429.6157,463130627878.9432,0.4710667730877417,19113049.4637752,1115524.0,28.0,Fear,19173.0,156175867.3
2022-01-01,47649.0,18917289,901389941440.5713,463336180625.50824,0.4859758697939098,5818956.200284029,703687.0,21.0,Extreme Fear,19173.0,156260790.9
2022-01-02,47315.0,18918277,895118290211.5509,463341695099.4111,0.4823681962862075,2010577.3813600405,747901.0,29.0,Fear,19173.0,156747482.7
2022-01-03,46531.0,18919152,880327075437.2937,463204364359.5207,0.4738269703570931,7396845.672181913,937567.0,29.0,Fear,19173.0,155887318.4
2022-01-04,45873.0,18920071,867920419045.9529,462789701302.58563,0.4667832543779768,7335347.755082271,981322.0,23.0,Extreme Fear,19173.0,153548875.8
2022-01-05,43647.0,18921008,825845259962.3474,462203276646.4847,0.4403270212296698,8856607.036466213,1010589.0,24.0,Extreme Fear,19173.0,153468070.8
2022-01-06,43201.0,18921921,817445911063.7904,461748428638.9052,0.4351327440882237,12710092.310420403,960120.0,15.0,Extreme Fear,19196.0,143068232.9
2022-01-07,41647.0,18922796,788077686884.9055,460890734994.40485,0.4151709372508659,7449112.174353797,969222.0,18.0,Extreme Fear,19196.0,139086538.9
2022-01-08,41642.0,18923696,788020550704.6807,460718364791.54736,0.41534727187057,3340160.234934432,822664.0,10.0,Extreme Fear,19196.0,138868816.0
2022-01-09,41991.0,18924577,794661925193.1256,460663621153.51636,0.42030238702884637,3613345.3587722233,763229.0,23.0,Extreme Fear,19196.0,139371130.5
2022-01-10,41870.0,18925464,792409210965.4341,460528444629.8676,0.4188249729343991,7366856.872306813,968910.0,23.0,Extreme Fear,19196.0,139229658.6
2022-01-11,42746.0,18926452,809030129800.8286,460478645526.5764,0.43082633320474784,5438314.924000208,964368.0,21.0,Extreme Fear,19196.0,140734891.5
2022-01-12,44010.0,18927321,832991399189.1719,460853034804.68005,0.4467493478885001,9053038.54348896,972780.0,22.0,Extreme Fear,19196.0,144009568.5
2022-01-13,42672.0,18928439,807714382931.0007,460570776482.13214,0.42978509951645055,4045161.2754598656,948196.0,21.0,Extreme Fear,19374.0,145882194.9
2022-01-14,43121.0,18929433,816256103892.6927,460578389066.19135,0.43574279338345967,4527208.9837395055,991166.0,21.0,Extreme Fear,19374.0,143456964.6
2022-01-15,43140.0,18930471,816660520880.0472,460629909545.962,0.4359591314031204,2419054.991116891,830710.0,23.0,Extreme Fear,19374.0,144210859.2
2022-01-16,43150.0,18931564,816897020902.997,460709805697.8764,0.43602462255449487,2975662.861180136,775715.0,21.0,Extreme Fear,19374.0,143954485.6
2022-01-17,42357.0,18932571,801926911751.835,460337143648.9021,0.42596122302058564,6544484.72357071,971298.0,22.0,Extreme Fear,19374.0,141680362.5
2022-01-18,42317.0,18933421,801205578360.0361,460218558354.29504,0.4255924187443843,5890842.875155721,916972.0,24.0,Extreme Fear,19374.0,139740273.4
2022-01-19,41752.0,18934502,790553339819.6274,459538919709.9271,0.41871231634442846,9868399.833281444,950211.0,24.0,Extreme Fear,19374.0,140015619.4
2022-01-20,40706.0,18935558,770790846131.5879,458980112588.19464,0.4045335191878518,9454031.902564934,958117.0,24.0,Extreme Fear,19489.0,140248519.9
2022-01-21,36643.0,18936396,693886360275.8708,456306402297.5486,0.34239029844003094,10200647.58634378,1033192.0,19.0,Extreme Fear,19489.0,129318047.4
2022-01-22,35244.0,18937233,667423859058.9565,455443838154.79224,0.31760929434414953,9120306.896136785,997611.0,13.0,Extreme Fear,19489.0,119168293.8
2022-01-23,36311.0,18938114,687661886320.1906,455458858823.9159,0.33767034659843836,9435165.188443756,767043.0,11.0,Extreme Fear,19489.0,119048204.5
2022-01-24,36463.0,18939052,690574663831.5261,454941514182.46545,0.3412131402876752,10265886.173914429,976712.0,13.0,Extreme Fear,19489.0,118598190.5
2022-01-25,36935.0,18940002,699548984764.7524,454905777149.4757,0.34971562098334896,12435410.898333555,897415.0,12.0,Extreme Fear,19489.0,122791563.7
2022-01-26,37068.0,18940814,702098122819.9835,454599485013.618,0.3525128892415849,4926688.556139917,885174.0,23.0,Extreme Fear,19489.0,127211977.0
2022-01-27,37367.0,18941633,707792020674.9298,454366208999.68024,0.35805124142765854,10199699.944430124,912466.0,20.0,Extreme Fear,19873.0,122812071.9
2022-01-28,38005.0,18942596,719913362689.1213,453852142262.133,0.3695739434994777,5489870.590753875,955985.0,24.0,Extreme Fear,19873.0,124897532.7
2022-01-29,38254.0,18943527,724665693141.8191,453193999649.7588,0.3746164556446479,7617382.277435129,832876.0,24.0,Extreme Fear,19873.0,127164239.3
2022-01-30,37836.0,18944439,716781824082.5212,452790431906.0734,0.3683009017623404,4959828.742571932,783141.0,29.0,Fear,19873.0,128140050.2
2022-01-31,38516.0,18945333,729698466818.1014,452781300301.98456,0.3794953382917639,4814260.518280522,999812.0,20.0,Extreme Fear,19873.0,126470786.8
2022-02-01,38718.0,18946296,733562690269.1855,455248270711.81146,0.3794010017811086,198733541.1453364,1063484.0,26.0,Fear,19873.0,131026617.8
2022-02-02,37052.0,18947252,702033592033.264,454842063639.2883,0.35210783529324785,3931263.2663815534,981122.0,28.0,Fear,19873.0,130682973.4
2022-02-03,37302.0,18948171,706804676319.5067,454697022950.7038,0.3566864535780734,6129861.1543829935,937908.0,20.0,Extreme Fear,20369.0,125816203.5
2022-02-04,41633.0,18948983,788903031927.776,455704833292.01086,0.42235634184540616,3911177.819750489,890327.0,20.0,Extreme Fear,20369.0,129797973.1
2022-02-05,41494.0,18949727,786299984377.525,455824297533.3812,0.4202921193057954,3764256.093577953,961339.0,33.0,Fear,20369.0,142054242.7
2022-02-06,42353.0,18950702,802619094298.905,456033510337.64435,0.43181826400978696,4846969.169349861,913200.0,37.0,Fear,20369.0,142856858.9
2022-02-07,43978.0,18951552,833451366828.2329,456755480575.4747,0.451971046236693,8281150.80378946,933433.0,45.0,Fear,20369.0,147340663.3
2022-02-08,44166.0,18952514,837056768434.6874,457170083408.97504,0.45383622634831317,6892402.895441555,1024351.0,48.0,Neutral,20369.0,151522272.0
2022-02-09,44422.0,18953389,841947481472.2,457472690807.0069,0.45664937436823716,6243736.772193228,1005608.0,54.0,Neutral,20369.0,151453508.3
2022-02-10,43334.0,18954308,821366006487.7716,457651356269.4688,0.4428167800291328,11973093.162554964,1029618.0,50.0,Neutral,20472.0,152345381.9
2022-02-11,42437.0,18955196,804401654560.4326,457800983864.4174,0.4308801066370457,8564297.29617328,984285.0,50.0,Neutral,20472.0,149415494.9
2022-02-12,42283.0,18956364,801531972625.7571,458005328405.9624,0.42858757473445236,3247963.8208925542,1088876.0,44.0,Fear,20472.0,145994019.9
2022-02-13,42172.0,18957352,799469460983.5153,458053565385.8582,0.42705307989831637,3457476.500798263,827179.0,44.0,Fear,20472.0,146530489.3
2022-02-14,42616.0,18958308,807927276952.4824,458107192939.8432,0.4329846187792637,4326670.93054483,904274.0,46.0,Fear,20472.0,146002296.0
2022-02-15,44444.0,18959402,842631675597.6893,458807799578.9495,0.45550610917455564,6429299.650512575,1022492.0,46.0,Fear,20472.0,152388301.4
2022-02-16,43937.0,18960377,833062097209.139,458915138345.5608,0.44912253254231205,4400840.913760041,930742.0,51.0,Neutral,20472.0,152165581.7
2022-02-17,40570.0,18961358,769262316169.4718,458200015021.9582,0.40436440809481333,8996941.34998936,938318.0,52.0,Neutral,20480.0,149421442.1
2022-02-18,40056.0,18962196,759549724777.3568,457926955057.3735,0.39710733857272684,4985995.830299766,950176.0,30.0,Fear,20480.0,140249068.5
2022-02-19,40180.0,18963127,761938454711.9331,457928182613.90326,0.39899583781076825,2669688.486094329,859806.0,25.0,Extreme Fear,20480.0,139079482.7
2022-02-20,38433.0,18964027,728844461027.6189,457646929603.59375,0.37209246406518054,6444190.387573958,745783.0,27.0,Fear,20480.0,133286493.6
2022-02-21,37107.0,18964796,703726686840.7374,457111841273.3935,0.3504412297826587,15036176.408658674,882870.0,25.0,Extreme Fear,20480.0,134531100.4
2022-02-22,38335.0,18965746,727051874633.9617,457148437115.0737,0.3712299588729791,4990996.730536534,909069.0,20.0,Extreme Fear,20480.0,130861608.6
2022-02-23,37397.0,18966683,709297064531.2789,457016316439.26715,0.35567713544497065,13046689.10536477,863870.0,25.0,Extreme Fear,20480.0,132133312.6
2022-02-24,38389.0,18967508,728143685532.8901,457115906929.9758,0.37221744002979756,5457009.293284634,956898.0,23.0,Extreme Fear,20534.0,123801495.7
2022-02-25,39311.0,18968346,745664651373.8534,457070589645.0333,0.38702929151475607,8791997.688213378,942391.0,27.0,Fear,20534.0,133824611.5
2022-02-26,39194.0,18969127,743475975199.0918,456968378347.47144,0.3853622798973402,4315357.404312869,816478.0,26.0,Fear,20534.0,135512837.1
2022-02-27,37842.0,18969977,717861880796.291,456709569519.953,0.36379186339669384,7084699.623699664,792011.0,26.0,Fear,20534.0,134483154.5
2022-02-28,43363.0,18970939,822636862329.3257,458736196368.4593,0.4423588130131546,53271905.99627159,979415.0,20.0,Extreme Fear,20534.0,132858865.6
2022-03-01,44514.0,18971952,844517484458.3373,459418368726.20245,0.4559989850051861,9074128.745879408,1066004.0,51.0,Neutral,20534.0,150487342.0
2022-03-02,43881.0,18972802,832545537505.6207,459620407590.9814,0.4479336121744832,11074444.550614132,1100872.0,52.0,Neutral,20534.0,152428238.5
2022-03-03,42495.0,18973727,806288541399.7909,459838591477.32983,0.42968482389814466,11592996.094070423,1017862.0,39.0,Fear,20544.0,150436989.8
2022-03-04,39090.0,18974596,741716959397.9148,458919646596.1309,0.3812738932534902,7921632.237958125,966182.0,33.0,Fear,20544.0,143491837.7
2022-03-05,39466.0,18975364,748881746998.3239,458931977077.8292,0.3871769756475899,2875069.402005065,818445.0,22.0,Extreme Fear,20544.0,136183427.7
2022-03-06,38470.0,18976183,730013780975.0328,458850538359.82355,0.37144948449196924,3703012.880701105,784370.0,22.0,Extreme Fear,20544.0,135905676.0
2022-03-07,38076.0,18977108,722572384958.3142,458571383247.62213,0.3653627058082527,14122261.074619751,926136.0,23.0,Extreme Fear,20544.0,133046745.0
2022-03-08,38744.0,18978033,735284931666.3549,458688593263.4973,0.37617571976623443,9994394.906982351,963012.0,21.0,Extreme Fear,20544.0,135175408.6
2022-03-09,41897.0,18978896,795158807596.1483,459270715868.9577,0.4224163632703974,12475475.442216337,967729.0,22.0,Extreme Fear,20544.0,147014108.4
2022-03-10,39414.0,18979802,748069927653.9854,458770782111.6357,0.3867274098955132,8043188.56175717,1005045.0,28.0,Fear,20658.0,138254692.5
2022-03-11,38773.0,18980664,735937316095.409,459135478781.6747,0.3761214865178123,39908917.30048764,911121.0,22.0,Extreme Fear,20658.0,137187187.6
2022-03-12,38904.0,18981639,738461714583.5502,459161628782.19604,0.3782187759847012,5301799.284882547,818806.0,22.0,Extreme Fear,20658.0,138302940.2
2022-03-13,37826.0,18982583,718035205172.0715,459085822227.2068,0.36063605388653547,3734157.76631656,766162.0,21.0,Extreme Fear,20658.0,138045646.3
2022-03-14,39662.0,18983539,752925155348.1382,459363753547.81824,0.3898945329626857,6161878.906358009,935382.0,23.0,Extreme Fear,20658.0,137517817.6
2022-03-15,39350.0,18984408,747036476244.6073,459235626742.6445,0.3852567560673252,6168843.64811157,941485.0,21.0,Extreme Fear,20658.0,137451038.6
2022-03-16,41127.0,18985377,780811612010.2706,459872625616.2996,0.4110325480017957,14650052.65223502,1018750.0,24.0,Extreme Fear,20658.0,143013846.6
2022-03-17,40987.0,18986371,778194390020.2247,459517247926.6399,0.4095084032735094,21824226.756037936,1037510.0,27.0,Fear,20707.0,145230949.2
2022-03-18,41818.0,18987264,794009439196.0956,459800730430.292,0.4209127653497132,3455635.738751334,,25.0,Extreme Fear,20707.0,144908006.5
2022-03-19,42248.0,18988233,802214890807.9331,460030745754.71313,0.4265492313519595,5333553.841994862,887796.0,28.0,Fear,20707.0,149256638.0
2022-03-20,41343.0,18989196,785070332087.2344,460015623082.7737,0.41404533545453315,2583602.8656378,790049.0,31.0,Fear,20707.0,149198520.0
2022-03-21,41062.0,18990152,779773633536.0975,460068228237.9586,0.4099977115773292,6206601.17123135,947604.0,30.0,Fear,20707.0,147109335.0
2022-03-22,42370.0,18991083,804652209800.4196,460548803018.7192,0.427642405738312,4977872.983731075,939357.0,26.0,Fear,20707.0,152091871.4
2022-03-23,42899.0,18991989,814737370214.4592,460932067053.6436,0.43425687355875825,5681779.786421208,974165.0,31.0,Fear,20707.0,150895069.1
2022-03-24,43936.0,18992883,834471331431.8441,461428827659.8478,0.4470405270027719,5406106.585664741,960405.0,40.0,Fear,20674.0,154007744.0
2022-03-25,44378.0,18993858,842909454508.7212,463738670260.2774,0.4498357234223201,58056589.11721868,1084340.0,47.0,Neutral,20674.0,157860285.2
2022-03-26,44497.0,18994864,845214498781.8228,463895952830.5225,0.4511500293722847,5781442.930228862,839220.0,51.0,Neutral,20674.0,158611437.4
2022-03-27,46684.0,18995683,886794490613.4243,464629861472.2237,0.47605689210943986,2983504.616749843,819815.0,49.0,Neutral,20674.0,159538819.8
2022-03-28,46995.0,18996677,892748849477.1603,465855696229.2028,0.4781783292109176,9941295.799815308,1052990.0,60.0,Greed,20674.0,168992692.8
2022-03-29,47355.0,18997621,899632344584.5997,466838706628.3117,0.48107834334939137,37046250.83466768,969097.0,56.0,Greed,20674.0,171296309.6
2022-03-30,47031.0,18998464,893516797772.2792,467158046187.7159,0.4771692626792951,4908800.641601778,951685.0,55.0,Greed,20674.0,171170657.3
2022-03-31,45550.0,18999327,865419358285.9272,466953470955.2542,0.46043098471922933,8411398.417431502,983682.0,52.0,Neutral,20190.0,171111522.0
2022-04-01,46188.0,19000208,877581632275.1187,467479540493.20605,0.4673093381851309,7513944.068716432,1072470.0,50.0,Neutral,20190.0,165691557.5
2022-04-02,45918.0,19001052,872490319280.4766,467466121295.1337,0.4642162658255708,3392514.473078086,951158.0,52.0,Neutral,20190.0,170469033.9
2022-04-03,46435.0,19001921,882354203723.2264,467740786688.9712,0.4698945336064944,4973751.085535026,811263.0,48.0,Neutral,20190.0,170696964.8
2022-04-04,46627.0,19002908,886048616726.361,468109303921.96985,0.47168891741914837,11984920.702035084,991442.0,52.0,Neutral,20190.0,169897023.3
2022-04-05,45557.0,19003814,865756790614.492,468053174754.54517,0.4593710614474845,8080708.794153681,954258.0,53.0,Neutral,20190.0,172315901.1
2022-04-06,43218.0,19004752,821347384684.0549,467416359306.9544,0.4309151425778826,6394187.183622499,928405.0,48.0,Neutral,20190.0,166360617.9
2022-04-07,43488.0,19005614,826516176203.6971,467359400593.6233,0.43454294779774366,4997334.505168289,943697.0,34.0,Fear,20158.0,160944082.0
2022-04-08,42332.0,19006452,804581138550.7107,467005819785.37146,0.41956653293341245,5699967.201541292,932330.0,37.0,Fear,20158.0,161783460.5
2022-04-09,42806.0,19007408,813631130176.0269,467096057747.3653,0.42591176710961104,2748273.321724376,813141.0,30.0,Fear,20158.0,158187888.1
2022-04-10,42111.0,19008283,800457828362.2721,466986192023.875,0.416601130656285,2661938.689775808,756939.0,34.0,Fear,20158.0,159549580.8
2022-04-11,39599.0,19009139,752742926741.055,466260429899.30396,0.38058477424963116,6246667.703632363,985815.0,32.0,Fear,20158.0,153903664.3
2022-04-12,40101.0,19010096,762323861499.3805,466843623996.0079,0.3876046027500777,21316417.576867983,1001862.0,20.0,Extreme Fear,20158.0,145176153.6
2022-04-13,41258.0,19010971,784354643373.4119,467041960125.8057,0.4045525655115443,7102932.19639042,950298.0,25.0,Extreme Fear,20158.0,145514600.7
2022-04-14,39959.0,19011833,759693856623.4945,467326267784.84973,0.3848492208928611,37259642.25303953,919508.0,28.0,Fear,20150.0,149195460.7
2022-04-15,40530.0,19012821,770589636952.673,467463186151.8735,0.3933694878113401,3039822.31162606,898503.0,22.0,Extreme Fear,20150.0,146162736.9
2022-04-16,40457.0,19013658,769235583753.8901,467421756958.7188,0.39235551912758876,1861432.639034244,803288.0,28.0,Fear,20150.0,147175986.2
2022-04-17,39750.0,19014689,755833919350.0956,467376915839.1786,0.3816407230823234,1728772.505936409,756979.0,28.0,Fear,20150.0,147241341.4
2022-04-18,40873.0,19015527,777221647127.348,467492172183.6043,0.3985085542695833,3494536.9257727964,932584.0,24.0,Extreme Fear,20150.0,144657417.6
2022-04-19,41498.0,19016302,789138512636.7048,467707864162.9658,0.4073184153688819,6936157.511723003,950234.0,27.0,Fear,20150.0,150225519.2
2022-04-20,41384.0,19017302,787012038175.0781,467744280083.6485,0.40567074276493537,6293841.841504901,976492.0,27.0,Fear,20150.0,152319665.0
2022-04-21,40358.0,19018358,767542914157.938,468557597880.4172,0.38953563476712433,39054602.23469062,993088.0,27.0,Fear,17243.0,154118650.8
2022-04-22,39784.0,19019202,756659944103.1246,468133478120.37463,0.38131589788956366,8319163.978113552,952065.0,26.0,Fear,17243.0,154118650.8
2022-04-23,39555.0,19020221,752344843433.8263,468108189959.2147,0.37780102562716916,3555438.094687875,864789.0,24.0,Extreme Fear,17243.0,154118650.8
2022-04-24,39486.0,19021289,751074648844.2233,468110767671.9103,0.3767453496236979,2377676.044673087,816122.0,24.0,Extreme Fear,17243.0,154118650.8
2022-04-25,40484.0,19022302,770098886109.6044,468141423412.9675,0.39210219381314715,5180865.175845536,1008968.0,23.0,Extreme Fear,17243.0,140652432.0
2022-04-26,38146.0,19023177,725658121093.9622,467385047115.74225,0.3559156391564414,7088257.402990063,967613.0,27.0,Fear,17243.0,146605946.7
2022-04-27,39224.0,19024239,746206781717.9409,467460892777.4956,0.37355046318221297,4130572.586427176,973994.0,21.0,Extreme Fear,17243.0,142198697.7
2022-04-28,39742.0,19025064,756094125081.7358,467521198541.3166,0.3816627017293961,7366857.999939035,1015298.0,24.0,Extreme Fear,16539.0,145464179.6
2022-04-29,38651.0,19026002,735374014702.9226,467121503160.12683,0.3647837782943211,8389214.33357325,1063975.0,23.0,Extreme Fear,16539.0,143212065.6
2022-04-30,37765.0,19026939,718552381357.0782,466895460848.113,0.35022766194675875,4379927.225442227,970531.0,20.0,Extreme Fear,16539.0,141863127.4
2022-05-01,38502.0,19027983,732615422448.4719,466953288650.9908,0.36262154147617104,4821755.777830847,840129.0,22.0,Extreme Fear,16539.0,140245487.2
2022-05-02,38559.0,19028983,733738576510.5353,466285688441.7903,0.36450705555196444,15033360.495773394,980280.0,28.0,Fear,16539.0,143091341.6
2022-05-03,37847.0,19029921,720225421789.0159,465679420198.47577,0.3534254608206641,13015425.351362316,952464.0,27.0,Fear,16539.0,142493062.5
2022-05-04,39754.0,19030833,756551756746.7755,466132572571.3688,0.3838721959013474,10494897.749916876,872482.0,21.0,Extreme Fear,16539.0,144604675.4
2022-05-05,36630.0,19031814,697135375939.7863,465265206834.1087,0.33260422165938813,8605838.690405946,1174988.0,27.0,Fear,16631.0,146539877.6
2022-05-06,36076.0,19032702,686623767993.3723,464790578642.0549,0.3230782266678812,9775669.41775322,1099911.0,22.0,Extreme Fear,16631.0,134334722.4
2022-05-07,35572.0,19033596,677063078511.7069,464585246206.0909,0.3138228018173378,2574458.469245987,840612.0,23.0,Extreme Fear,16631.0,134136764.5
2022-05-08,34050.0,19034564,648126931268.7611,464092568865.44556,0.28394802549410086,6690781.837957692,849741.0,18.0,Extreme Fear,16631.0,129514157.2
2022-05-09,30321.0,19035533,577176412617.0645,461079526816.06366,0.20114627566741342,19100526.217437506,1044085.0,11.0,Extreme Fear,16631.0,124330108.4
2022-05-10,31112.0,19036489,592263270501.1365,460124945084.5331,0.22310741185215846,12029029.93269001,985477.0,10.0,Extreme Fear,16631.0,118242107.1
2022-05-11,28913.0,19037396,550428231848.2454,457397951917.23096,0.1690143683557698,26423163.245462712,1005376.0,12.0,Extreme Fear,16631.0,117249459.2
2022-05-12,29126.0,19038239,554507772268.3242,456201637291.2022,0.1772854049907745,19780663.12939397,1043690.0,12.0,Extreme Fear,16701.0,108120801.8
2022-05-13,29310.0,19039189,558038652890.5989,455348791686.82294,0.18401926223542056,29986527.09089132,1036736.0,10.0,Extreme Fear,16701.0,114757446.7
2022-05-14,30200.0,19040071,575010145558.1229,456126478337.1667,0.20675055586291266,48361625.34816302,1097507.0,9.0,Extreme Fear,16701.0,111727009.5
2022-05-15,31254.0,19040833,595102211614.5223,456282037296.92847,0.233271145037375,3145283.315060316,1022995.0,10.0,Extreme Fear,16701.0,113615733.0
2022-05-16,30046.0,19041858,572131681842.1974,455769737889.42255,0.2033831504979814,8106695.508512313,1098098.0,14.0,Extreme Fear,16701.0,113586914.4
2022-05-17,30614.0,19042777,582975584108.241,455463773207.18207,0.2187258169587147,10938422.674287492,1036631.0,8.0,Extreme Fear,16701.0,115781418.9
2022-05-18,28887.0,19043614,550112900582.326,454745291860.49286,0.17336006594442907,5558809.232539388,903949.0,12.0,Extreme Fear,16701.0,113249285.6
2022-05-19,30082.0,19044377,572892957787.3164,454372529600.1631,0.20688058140025772,15151636.430909254,902105.0,13.0,Extreme Fear,16832.0,112778091.6
2022-05-20,29293.0,19045177,557890378501.5844,453673677341.71063,0.18680498028982903,8781054.286064183,948874.0,13.0,Extreme Fear,16832.0,115449884.4
2022-05-21,29481.0,19046021,561495746426.7888,453602833638.4225,0.19215268054115894,3194281.562828082,787760.0,13.0,Extreme Fear,16832.0,112488253.2
2022-05-22,30351.0,19046783,578088927373.4136,453685839973.4585,0.21519714616432628,1898809.7936476264,751429.0,14.0,Extreme Fear,16832.0,115182033.4
2022-05-23,29259.0,19047783,557319098742.3053,453074523631.64844,0.18704647902055435,6127958.659521301,939060.0,10.0,Extreme Fear,16832.0,116873135.0
2022-05-24,29647.0,19048533,564731874007.754,453007315734.1549,0.19783646614581754,7012149.277542699,848460.0,12.0,Extreme Fear,16832.0,114109386.2
2022-05-25,29623.0,19049433,564301369902.6747,452798140054.25684,0.19759517838428933,6593011.902420298,1034175.0,11.0,Extreme Fear,16832.0,116063610.2
2022-05-26,29347.0,19050314,559069588288.0127,452358549564.3306,0.19087255139463669,5773556.603119567,910132.0,12.0,Extreme Fear,16852.0,115623691.9
2022-05-27,28638.0,19051177,545587615373.37836,451629503355.0283,0.17221452498339584,11412347.939388324,936015.0,12.0,Extreme Fear,16852.0,113312147.3
2022-05-28,29060.0,19052102,553654092691.8561,451646599132.7026,0.1842440883317505,2176807.512450412,794128.0,13.0,Extreme Fear,16852.0,112774214.9
2022-05-29,29493.0,19053033,561931118341.8285,451728420541.7305,0.1961142463960512,4247256.035459405,757441.0,14.0,Extreme Fear,16852.0,113544293.7
2022-05-30,31684.0,19053996,603706810688.8599,452066140150.4683,0.25118264007219315,6082224.876739675,941603.0,10.0,Extreme Fear,16852.0,119470192.0
2022-05-31,31836.0,19054908,606632068437.6954,452440121077.55914,0.2541770463227212,13208559.46742622,1000160.0,16.0,Extreme Fear,16852.0,124069355.5
2022-06-01,29817.0,19055758,568185552535.399,451704611978.87054,0.2050051079911461,13464724.967629723,968548.0,17.0,Extreme Fear,16852.0,123371657.8
2022-06-02,30488.0,19056539,580995785269.0746,450749847875.8103,0.22417707786459057,20654612.386553064,956018.0,13.0,Extreme Fear,16897.0,117609651.1
2022-06-03,29767.0,19057433,567282624333.1505,450310467568.29675,0.20619731990267873,10895826.937912382,946371.0,10.0,Extreme Fear,16897.0,117479184.3
2022-06-04,29851.0,19058302,568909381807.1781,449911995452.189,0.20916755842026377,8060241.247439722,780612.0,14.0,Extreme Fear,16897.0,117327443.0
2022-06-05,29918.0,19059214,570213588235.9412,449823011505.6054,0.21113242338329005,2458990.5994326826,742340.0,10.0,Extreme Fear,16897.0,117751444.7
2022-06-06,31373.0,19060152,597974157950.1239,449717827855.7819,0.24793099856115824,5902886.291327003,957734.0,13.0,Extreme Fear,16897.0,124154787.3
2022-06-07,31248.0,19061164,595623277513.2526,449190707418.5588,0.24584762822912956,13500641.024880445,946090.0,15.0,Extreme Fear,16897.0,117796258.5
2022-06-08,30229.0,19062277,576233580349.6771,448934868478.5361,0.2209151222910197,8026900.456710583,894223.0,17.0,Extreme Fear,16897.0,120968031.7
2022-06-09,30087.0,19063189,573554191361.2913,448347221434.8482,0.21830015683308487,7775773.642334199,916889.0,11.0,Extreme Fear,16956.0,120427476.4
2022-06-10,29176.0,19064108,556214430908.0728,447945070383.33795,0.19465399405041472,11227672.990348838,908421.0,13.0,Extreme Fear,16956.0,119138466.2
2022-06-11,28432.0,19065071,542058099950.6143,447479522787.12164,0.17448051633599704,7961204.501893501,849994.0,12.0,Extreme Fear,16956.0,114742179.9
2022-06-12,26672.0,19065864,508524745811.46545,446829977925.96655,0.12132107315063113,7647490.016554218,760134.0,14.0,Extreme Fear,16956.0,109795849.0
2022-06-13,22617.0,19066696,431231464449.1082,442190223069.4105,-0.025412706455225753,29992257.492709,1005439.0,11.0,Extreme Fear,16956.0,95413320.41
2022-06-14,22177.0,19067608,422862354701.821,439015347091.4715,-0.03819917334812342,23638847.2160312,1097037.0,8.0,Extreme Fear,16956.0,89076142.47
2022-06-15,22575.0,19068639,430474543371.4694,437154485383.42676,-0.015517623782442841,24182454.091987096,1069858.0,7.0,Extreme Fear,16956.0,85129276.11
2022-06-16,20457.0,19069383,390102379179.47095,435186884069.52264,-0.1155709559754058,10515914.721871618,893767.0,7.0,Extreme Fear,16923.0,85016487.27
2022-06-17,20514.0,19070058,391203180991.53424,433817875913.3886,-0.10893238345824331,74413148.81411304,880351.0,9.0,Extreme Fear,16923.0,82223997.61
2022-06-18,19000.43,19071033,362357837898.87256,431753546127.53644,-0.1915115418257655,17705395.22304643,936380.0,6.0,Extreme Fear,16923.0,76530014.9
2022-06-19,20553.0,19071864,391984037131.03815,431758282520.9809,-0.10146904369130326,5877593.104527803,750949.0,6.0,Extreme Fear,16923.0,76879800.05
2022-06-20,20637.0,19072689,393603099298.8157,431375310380.8211,-0.09596522778731861,6510791.940141434,834875.0,9.0,Extreme Fear,16923.0,80300217.87
2022-06-21,20689.0,19073627,394614275105.6542,430652789987.6589,-0.09132592801503629,10594288.718502132,917351.0,9.0,Extreme Fear,16923.0,82544960.43
2022-06-22,19975.62,19074433,381023636209.5928,429795004923.08386,-0.12800090093797495,9509449.144918775,881810.0,11.0,Extreme Fear,16923.0,80052091.23
2022-06-23,21071.0,19075383,401937406676.08307,429724712435.052,-0.06913341554537723,4695184.504544186,861825.0,11.0,Extreme Fear,16963.0,80442516.58
2022-06-24,21261.0,19076189,405578871230.87756,429309251138.8203,-0.05850990175085853,9746515.848925108,885638.0,11.0,Extreme Fear,16963.0,82653749.77
2022-06-25,21506.0,19077133,410272834018.14545,429452211411.0246,-0.046747860941801694,16735615.489130951,755500.0,14.0,Extreme Fear,16963.0,83374701.65
2022-06-26,21070.0,19077996,401973376667.5381,429357048517.21014,-0.06812309829245332,1663831.2972002637,715607.0,14.0,Extreme Fear,16963.0,84000777.57
2022-06-27,20751.0,19078846,395905134279.1924,428790912706.8668,-0.08306479401321272,7085104.810217878,974966.0,12.0,Extreme Fear,16963.0,83057024.29
2022-06-28,20290.0,19079758,387128300877.46075,428369422377.24176,-0.10653088757991687,9174825.280332278,909040.0,10.0,Extreme Fear,16963.0,82078729.01
2022-06-29,20120.0,19080702,383903730174.8157,427932546445.64014,-0.11468712807446636,14252878.457866604,923528.0,13.0,Extreme Fear,16963.0,79826876.48
2022-06-30,19627.97,19081771,374536429617.55865,426634887977.01575,-0.13910117745463407,15087772.554921992,963233.0,11.0,Extreme Fear,16981.0,76434808.69
2022-07-01,19269.71,19082608,367716332705.1123,425871471850.975,-0.15815217865913997,7964404.333684318,941571.0,11.0,Extreme Fear,16981.0,77908837.5
2022-07-02,19270.23,19083471,367742876234.9307,425631536260.9053,-0.15741612895036114,3936360.601439161,848340.0,14.0,Extreme Fear,16981.0,77824827.45
2022-07-03,19310.23,19084439,368524921862.04205,425370670051.32196,-0.1542521138110714,7662537.332619127,737759.0,11.0,Extreme Fear,16981.0,77785634.11
2022-07-04,20233.0,19085333,386153553615.3974,425408637245.3706,-0.10165666808564612,3029502.434623576,855493.0,14.0,Extreme Fear,16981.0,79656650.02
2022-07-05,20188.0,19086071,385309602255.8737,425217012879.4013,-0.10357232311336521,4426134.702759539,868674.0,19.0,Extreme Fear,16981.0,82278030.09
2022-07-06,20568.0,19086864,392578635102.9627,424487160745.7655,-0.08127932289141017,9438399.399925414,984020.0,18.0,Extreme Fear,16981.0,82539602.17
2022-07-07,21598.0,19087846,412259298879.2828,424494753132.4713,-0.029679025522166103,4337408.910072038,1007918.0,18.0,Extreme Fear,16996.0,84566396.87
2022-07-08,21767.0,19088771,415505279335.8829,424279160179.9946,-0.021116171756314063,6804124.270538537,946807.0,20.0,Extreme Fear,16996.0,90136994.43
2022-07-09,21584.0,19089608,412030110834.6532,423675728960.0768,-0.028263997749661908,4399376.804749181,782171.0,24.0,Extreme Fear,16996.0,90108039.23
2022-07-10,20854.0,19090564,398114638234.3244,423552095549.36444,-0.0638948053451577,2146988.549365619,710613.0,24.0,Extreme Fear,16996.0,89194593.13
2022-07-11,19966.92,19091333,381195129585.7515,422125410906.73846,-0.10737356840174289,19375257.597626515,838433.0,22.0,Extreme Fear,16996.0,86379133.8
2022-07-12,19367.81,19092277,369775599116.3115,421762910937.47974,-0.14059151535527847,5818508.986271401,945981.0,16.0,Extreme Fear,16996.0,83803322.8
2022-07-13,20375.0,19092964,389019157697.5333,421762842858.153,-0.08416985259650957,2738708.8358904324,810857.0,15.0,Extreme Fear,16996.0,83250862.05
2022-07-14,20507.0,19093739,391555321975.4695,421425837856.09235,-0.07628683407984484,8103763.609612205,990479.0,18.0,Extreme Fear,17002.0,85789021.31
2022-07-15,20850.0,19094627,398122979100.14453,419881741327.9934,-0.05465336936096733,13817729.362279234,955069.0,15.0,Extreme Fear,17002.0,88747737.56
2022-07-16,21176.0,19095552,404367415398.30505,419914593023.3928,-0.03844814649512172,2438591.773766683,791313.0,21.0,Extreme Fear,17002.0,88693532.87
2022-07-17,20813.0,19096327,397451859990.2306,419840633050.4293,-0.05633077943263128,1626179.486078021,727955.0,24.0,Extreme Fear,17002.0,90669481.18
2022-07-18,22443.0,19097146,428597248687.28326,419984914197.88245,0.020094236525733326,6764434.535461015,874433.0,20.0,Extreme Fear,17002.0,93623184.41
2022-07-19,23339.0,19098008,445728421431.0772,419535140193.5992,0.058765113414533034,41134697.73008406,998065.0,30.0,Fear,17002.0,94603223.86
2022-07-20,23291.0,19098796,444830058683.41864,419679310681.8977,0.05654012697784096,9609003.362807805,920079.0,31.0,Fear,17002.0,100408639.2
2022-07-21,23143.0,19099664,442023542350.01294,418971873502.76245,0.05215031924475462,35425558.42961931,965128.0,34.0,Fear,16943.0,97956602.76
2022-07-22,22700.0,19100489,433581118345.84076,418176045059.005,0.03552985274268351,9602206.624999432,852850.0,33.0,Fear,16943.0,99608862.16
2022-07-23,22484.0,19101452,429477053400.1271,417928173741.56775,0.02689056276028718,5213373.507297748,776821.0,31.0,Fear,16943.0,97126908.79
2022-07-24,22656.0,19102433,432784734394.86206,417853291350.6887,0.034500854252752504,2935579.6282632244,734545.0,30.0,Fear,16943.0,98279241.87
2022-07-25,21330.0,19103321,407473837889.2306,417268202551.7077,-0.02403679390366076,6775942.438882246,905603.0,30.0,Fear,16943.0,95013691.84
2022-07-26,21254.0,19104321,406043239489.81274,416996596176.4825,-0.026975838091609326,6159409.0065913815,962865.0,26.0,Fear,16943.0,91434213.99
2022-07-27,22914.0,19105352,437780042486.96454,417273967411.7656,0.04684104592504239,4289816.123330595,890784.0,28.0,Fear,16943.0,92825861.54
2022-07-28,23869.0,19106233,456046688484.9118,417517145135.273,0.08448596234223842,3850971.3694583513,1016625.0,32.0,Fear,16958.0,100792595.5
2022-07-29,23858.0,19107146,455858290340.9172,417484750843.27,0.08417865883046506,4617012.130800938,954956.0,39.0,Fear,16958.0,104854391.8
2022-07-30,23659.0,19107952,452075043346.71796,417503243310.6008,0.07647358673060473,2475279.8537227684,801682.0,42.0,Fear,16958.0,105266574.8
2022-07-31,23327.0,19108902,445753363834.7876,417383029423.92725,0.06364581114271844,4770988.948048729,773541.0,39.0,Fear,16958.0,104957041.3
2022-08-01,23321.0,19109752,445658533271.01776,417408037061.41144,0.06339045278064133,3387905.319629696,908302.0,33.0,Fear,16958.0,102875008.5
2022-08-02,23017.0,19110721,439871466292.09656,417267853013.42786,0.0513868595960684,5948458.073612269,947567.0,31.0,Fear,16958.0,100831923.9
2022-08-03,22860.0,19111627,436891799963.03613,417176989819.3895,0.04512515489032892,4406927.00839353,979238.0,34.0,Fear,16958.0,102374676.3
2022-08-04,22668.0,19112452,433241068622.40173,416833741898.0633,0.0378711251371197,10329781.32382945,955783.0,30.0,Fear,17037.0,101337468.8
2022-08-05,23237.0,19113389,444137838665.7402,416903814420.6974,0.061318856161542264,3123990.849816692,950478.0,31.0,Fear,17037.0,102780650.0
2022-08-06,22974.0,19114396,439134134737.16284,416897149544.1881,0.050638252492679364,3579035.465157295,876047.0,31.0,Fear,17037.0,103212352.6
2022-08-07,23207.0,19115389,443610850971.89105,416928017976.2769,0.06014918917595383,4015909.037339901,712883.0,30.0,Fear,17037.0,102985281.2
2022-08-08,23812.0,19116289,455197092597.8485,417021071655.00323,0.08386701401138456,4495307.079809521,923946.0,30.0,Fear,17037.0,106701838.7
2022-08-09,23110.0,19117183,441798111724.2789,416474014645.0386,0.057320519049761744,10077631.354187028,953042.0,42.0,Fear,17037.0,104914241.0
2022-08-10,24021.0,19118108,459236085358.74744,416813099771.0352,0.09237729120213213,16017530.916879129,1033613.0,31.0,Fear,17037.0,104894099.1
2022-08-11,23915.0,19118983,457230491477.98047,416744828387.02264,0.08854541384606576,4473027.270298924,1012662.0,41.0,Fear,17074.0,110895848.2
2022-08-12,24407.0,19119946,466660523119.6062,416905719602.4554,0.1066188397178789,5229456.378262159,961031.0,42.0,Fear,17074.0,109492026.7
2022-08-13,24437.0,19120814,467255351144.7053,416918486322.3661,0.10772881401790581,2309615.7656612946,828340.0,46.0,Fear,17074.0,111949906.8
2022-08-14,24339.0,19121646,465401743088.54816,416888494633.6377,0.10423950742634036,1951500.207031196,819073.0,47.0,Neutral,17074.0,112433901.3
2022-08-15,24152.0,19122552,461847883028.1386,416772740294.71497,0.09759737868210037,3752111.426009841,918182.0,45.0,Fear,17074.0,110461014.0
2022-08-16,23896.0,19123477,456974613440.62604,416745366886.99927,0.0880338762163069,3359092.489120139,1032647.0,44.0,Fear,17074.0,109339178.1
2022-08-17,23412.0,19124283,447737726354.8601,416501432024.2559,0.06976471378658736,5527987.158201855,913886.0,41.0,Fear,17074.0,108113966.7
2022-08-18,23247.0,19125183,444603141869.9399,416460568519.73895,0.06329818820406244,6133388.956883256,1014144.0,30.0,Fear,17062.0,106918676.6
2022-08-19,20931.0,19126296,400332502517.2872,415572759787.91693,-0.03806899808234195,8163291.473496365,999569.0,33.0,Fear,17062.0,98700318.01
2022-08-20,21173.0,19127227,404980783516.4201,415508624072.39526,-0.02599590149577629,2897074.67459784,844049.0,29.0,Fear,17062.0,96935131.66
2022-08-21,21523.0,19128139,411694952807.16,415506464573.5617,-0.009258096900175176,1607583.6185808822,769158.0,27.0,Fear,17062.0,97913562.93
2022-08-22,21403.0,19129046,409418972500.5134,415300173784.0151,-0.014364750240035036,5539812.142609534,886312.0,29.0,Fear,17062.0,97348596.09
2022-08-23,21538.0,19130121,412024547066.58453,415180651721.93286,-0.007659991808299447,5141062.627530384,936789.0,28.0,Fear,17062.0,97412654.54
2022-08-24,21370.0,19131033,408830186856.0294,415025827384.9823,-0.015154557388725044,3939225.9888327806,923697.0,25.0,Extreme Fear,17062.0,97520553.41
2022-08-25,21590.0,19132027,413060469298.42303,414875704459.26385,-0.004394599085998158,3736697.498179112,920757.0,25.0,Extreme Fear,17033.0,98560181.31
2022-08-26,20248.0,19133127,387407561468.57196,414552901246.3419,-0.07006920483138813,5988482.582821567,931907.0,27.0,Fear,17033.0,97883401.12
2022-08-27,20055.0,19134033,383733042744.3926,414285071270.1395,-0.07961792476155848,3810356.023258133,844000.0,28.0,Fear,17033.0,92082562.37
2022-08-28,19663.83,19135039,376268169571.5438,414253448444.14044,-0.10095267669292998,17678106.9211201,772045.0,28.0,Fear,17033.0,91556825.81
2022-08-29,20270.0,19136021,387887146581.56134,414309008660.15125,-0.0681173952564426,19099449.06987839,940481.0,24.0,Extreme Fear,17033.0,91284173.38
2022-08-30,19910.5,19137033,381027906397.1443,413788834665.6503,-0.08598039072329632,11159049.235205894,952599.0,27.0,Fear,17033.0,93192111.99
2022-08-31,20023.0,19137946,383199093658.4535,413638693179.9141,-0.07943546846849157,3790443.320857546,925078.0,23.0,Extreme Fear,17033.0,93354701.79
2022-09-01,20141.0,19138808,385474742904.2601,413406086917.14874,-0.07245959567272077,5856924.410761917,969780.0,20.0,Extreme Fear,17066.0,92418542.04
2022-09-02,19964.29,19139614,382108820255.0908,413081943988.773,-0.08105838465860311,6234917.015791669,993736.0,25.0,Extreme Fear,17066.0,93083220.26
2022-09-03,19826.13,19140533,379482706331.9551,413034952969.7286,-0.08841574616689764,3316602.8123801025,945920.0,21.0,Extreme Fear,17066.0,91924042.83
2022-09-04,19960.54,19141583,382076344012.7347,413111120002.8817,-0.08122663566188394,17554531.24113431,774346.0,20.0,Extreme Fear,17066.0,92290562.62
2022-09-05,19787.45,19142539,378782049065.9981,412994026909.0784,-0.09032101158816876,3417103.6689639874,939068.0,23.0,Extreme Fear,17066.0,92628599.41
2022-09-06,18871.36,19143427,361262508117.2232,412394970413.86707,-0.141538247528449,11598014.08854692,931166.0,22.0,Extreme Fear,17066.0,92696638.39
2022-09-07,19349.67,19144339,370436657400.55566,412240393853.36224,-0.11284989111540307,7133583.240686857,961941.0,24.0,Extreme Fear,17066.0,88425109.69
2022-09-08,19374.22,19145133,370922029229.6473,412034168812.6332,-0.11083768647650832,4332184.507550229,934179.0,20.0,Extreme Fear,17075.0,90675933.48
2022-09-09,21383.0,19146052,409400036223.364,412334206826.8014,-0.00716700132834509,4684981.611148833,1036225.0,22.0,Extreme Fear,17075.0,98539186.88
2022-09-10,21719.0,19147033,415854421563.22424,412380428890.0227,0.008353867346516528,3030724.78917951,897672.0,28.0,Fear,17075.0,100720143.3
2022-09-11,21772.0,19148177,416894116066.1077,412352309789.3089,0.010894388051470184,2978965.190578761,862582.0,26.0,Fear,17075.0,102333648.6
2022-09-12,22354.0,19149133,428059731264.2808,412435803017.2273,0.03649941142771833,4366594.763727984,987756.0,25.0,Extreme Fear,17075.0,105404633.8
2022-09-13,20178.0,19149989,386408494082.924,411104010424.9338,-0.06391038685787807,15856524.641210068,950171.0,34.0,Fear,17075.0,105566373.3
2022-09-14,20236.0,19150783,387535255816.03235,410693429692.05194,-0.05975759244731286,7235696.15919069,987889.0,27.0,Fear,17075.0,96553930.87
2022-09-15,19620.23,19151702,375760803918.85803,410141378619.7334,-0.0914959046880779,6784476.881034133,957592.0,28.0,Fear,17049.0,95892956.15
2022-09-16,19846.86,19152502,380117031697.96735,410038933239.5074,-0.07871760286004581,3283774.803519464,937515.0,20.0,Extreme Fear,17049.0,94369350.36
2022-09-17,20117.0,19153564,385312262980.4308,410005134658.7297,-0.06408535115725862,2340974.3307367256,936221.0,22.0,Extreme Fear,17049.0,95396769.78
2022-09-18,19434.2,19154527,372252914355.9246,409869308436.5096,-0.10105063689204204,1630420.060801384,779131.0,27.0,Fear,17049.0,95237638.06
2022-09-19,19548.81,19155339,374464098137.3263,409605389835.22107,-0.09384422130905457,12858816.93545786,916643.0,21.0,Extreme Fear,17049.0,90939616.09
2022-09-20,18886.64,19156289,361797949093.2903,409284021341.4764,-0.13125025270925933,5843870.971082401,968908.0,23.0,Extreme Fear,17049.0,92225544.84
2022-09-21,18479.7,19157171,354018773759.7499,408980770127.1336,-0.1552516432495271,7102218.096655484,915105.0,23.0,Extreme Fear,17049.0,91397357.77
2022-09-22,19447.11,19157971,372567170288.36523,408974962535.2457,-0.09772141817729413,4737606.997711675,866821.0,22.0,Extreme Fear,17063.0,91513802.45
2022-09-23,19316.27,19158814,370076839459.6537,408880444978.78864,-0.1048528342810963,4640268.681562207,987921.0,20.0,Extreme Fear,17063.0,91764540.61
2022-09-24,18953.57,19159727,363145232466.1427,408820467248.3162,-0.1257767711061221,1558911.8752378805,814336.0,24.0,Extreme Fear,17063.0,92072058.87
2022-09-25,18789.87,19160646,360026048301.01843,408725080552.90564,-0.13526530227937802,2602194.8112537805,795079.0,24.0,Extreme Fear,17063.0,91885538.04
2022-09-26,19211.72,19161583,368126977822.5895,408688410870.24,-0.11018326689221399,4669481.211035243,932798.0,21.0,Extreme Fear,17063.0,92371596.52
2022-09-27,19207.3,19162389,368057769508.9457,408384026562.71,-0.1095650204791675,11332785.913315136,955761.0,20.0,Extreme Fear,17063.0,97565176.67
2022-09-28,19464.3,19163327,373000751467.50323,408132692434.7129,-0.09418731954021395,5997583.830744565,867381.0,20.0,Extreme Fear,17063.0,92732973.54
2022-09-29,19563.78,19164221,374924604395.18195,408028486742.645,-0.08829477169380587,6084241.98079768,887558.0,22.0,Extreme Fear,17061.0,94594072.63
2022-09-30,19448.06,19165277,372727462749.233,407750851894.3556,-0.09396514248451282,8604217.143286277,993821.0,21.0,Extreme Fear,17061.0,95252286.39
2022-10-01,19316.66,19166408,370230997284.2987,407702135180.7715,-0.10121015844521214,2333611.8783983104,884590.0,20.0,Extreme Fear,17061.0,94848675.16
2022-10-02,19069.02,19167389,365503339348.0971,407631981546.9145,-0.11526198987390103,2078259.1046010517,841556.0,24.0,Extreme Fear,17061.0,94790389.29
2022-10-03,19621.39,19168352,376109716037.0202,407624094378.3306,-0.08379038614947264,4417340.579063696,989556.0,24.0,Extreme Fear,17061.0,94816453.43
2022-10-04,20347.0,19169371,390039192652.0241,407634027603.1648,-0.04511042808674365,5426435.560866259,938191.0,20.0,Extreme Fear,17061.0,98905607.73
2022-10-05,20149.0,19170464,386265695153.8699,407528782978.81995,-0.05504782871406655,7507956.744191793,894637.0,25.0,Extreme Fear,17061.0,100115917.6
2022-10-06,20031.0,19171458,384023486114.3133,407414414406.08136,-0.060910150388055244,5138371.668663826,944081.0,26.0,Fear,17076.0,100413639.6
2022-10-07,19540.81,19172527,374646713090.8415,407293576029.9948,-0.0871403960008515,6666489.784087218,946342.0,23.0,Extreme Fear,17076.0,98389440.61
2022-10-08,19418.11,19173621,372315482549.56104,407061792431.12933,-0.09332491263492654,4772693.434311616,820789.0,24.0,Extreme Fear,17076.0,96552661.37
2022-10-09,19443.11,19174608,372814023146.8103,407044377943.9851,-0.09181616750423373,1727747.735909785,776456.0,22.0,Extreme Fear,17076.0,96696113.0
2022-10-10,19142.69,19175658,367073687072.2301,406871884056.39435,-0.10842018479067132,4601216.475990521,917604.0,22.0,Extreme Fear,17076.0,96386042.49
2022-10-11,19063.11,19176639,365566393841.9089,406747040176.83203,-0.11264888411140972,6628227.599634542,902571.0,24.0,Extreme Fear,17076.0,95421177.38
2022-10-12,19152.89,19177496,367304472224.76385,406333354582.1458,-0.1062575745974013,9557360.527411023,876831.0,20.0,Extreme Fear,17076.0,95680441.28
2022-10-13,19398.96,19178389,372040816497.0498,406261180902.93164,-0.09198013467469421,4852511.039124962,949993.0,20.0,Extreme Fear,17105.0,95565373.55
2022-10-14,19195.67,19179364,368160757413.8802,406144302184.8857,-0.10317108492990475,4864867.558267709,983980.0,24.0,Extreme Fear,17105.0,98078022.54
2022-10-15,19086.46,19180314,366084311121.6214,406102775230.5889,-0.10931488428541943,1872342.683922644,863932.0,24.0,Extreme Fear,17105.0,95495833.39
2022-10-16,19278.35,19181214,369782172242.62836,406069172364.8726,-0.09813074519567418,3246663.2498769085,767400.0,24.0,Extreme Fear,17105.0,96455496.83
2022-10-17,19543.42,19182152,374884858804.5813,405738726018.63385,-0.08230224958254702,23288537.64992052,876676.0,20.0,Extreme Fear,17105.0,97779550.3
2022-10-18,19335.22,19183039,370908294704.51843,405968480432.70917,-0.09452521345234728,55440353.51044094,887436.0,22.0,Extreme Fear,17105.0,96737885.0
2022-10-19,19129.34,19183983,366976943786.1548,405757041714.7511,-0.10567448060495674,7995619.683578363,925521.0,23.0,Extreme Fear,17105.0,95707827.12
2022-10-20,19062.84,19184889,365718484579.1642,405642344954.3175,-0.10916555235400281,3290653.872156824,894481.0,23.0,Extreme Fear,17087.0,95375114.62
2022-10-21,19171.05,19185864,367813173277.628,405568050808.0542,-0.10264688780444674,4619512.7117494615,929251.0,23.0,Extreme Fear,17087.0,95916510.4
2022-10-22,19218.3,19186714,368736040944.19037,405324333375.62885,-0.09922624416574527,13683238.734317876,835674.0,20.0,Extreme Fear,17087.0,96152911.39
2022-10-23,19558.15,19187683,375275592925.0738,405327703646.70123,-0.0800801098930714,2470118.710065583,808800.0,23.0,Extreme Fear,17087.0,97853247.36
2022-10-24,19322.64,19188533,370773125817.39764,405267004007.62427,-0.09303230409211087,4484706.725539693,923402.0,22.0,Extreme Fear,17087.0,96674944.8
2022-10-25,20096.0,19189296,385628093319.7364,405423975888.7466,-0.05133412972741279,12205934.838143708,830671.0,20.0,Extreme Fear,17087.0,100544216.0
2022-10-26,20812.0,19190264,399387790912.9356,405643999995.144,-0.015664497574920097,19296391.99418477,1053033.0,33.0,Fear,17087.0,104126504.0
2022-10-27,20287.0,19191108,389330019051.82587,405609392663.168,-0.041813815567032155,12449072.850510148,901087.0,32.0,Fear,17087.0,101499826.4
2022-10-28,20595.0,19192102,395261346764.9269,405608562439.94324,-0.026178162270873755,4720107.543134179,942825.0,30.0,Fear,17087.0,103040810.6
2022-10-29,20820.0,19192996,399598177656.29535,405644292720.68634,-0.015130487080427604,3498439.1670614146,884714.0,34.0,Fear,17087.0,104166529.6
2022-10-30,20628.0,19193839,395930527290.66095,405561393912.62775,-0.02432463767790397,2999868.3052062416,833297.0,34.0,Fear,17087.0,103205916.0
2022-10-31,20491.0,19194921,393323127132.49994,405481613994.69476,-0.03091220938579327,6355072.572263861,972865.0,31.0,Fear,17087.0,102520478.3
2022-11-01,20488.0,19195821,393283981569.365,405383781975.85547,-0.030766064659453696,6837680.372182825,963107.0,30.0,Fear,17087.0,102505468.7
2022-11-02,20161.0,19196583,387022320850.1595,405258534051.2765,-0.04711928025509769,18257688.51411058,873292.0,30.0,Fear,17087.0,100869423.7
2022-11-03,20206.0,19197608,387906878259.6832,405221291586.9219,-0.04463548933424057,8111228.739274643,1016762.0,30.0,Fear,17087.0,101094567.5
2022-11-04,21153.0,19198414,406104068158.0207,405824170562.6422,0.0006892262780031226,38348527.59317459,950915.0,30.0,Fear,17087.0,105832593.6
2022-11-05,21290.0,19199358,408754343422.4317,405856622430.06696,0.007089150339303097,9191909.59175426,933416.0,38.0,Fear,17087.0,106518031.4
2022-11-06,20925.0,19200214,401764494584.76733,405679796764.8491,-0.009745266774079527,8998361.42720305,825050.0,40.0,Fear,17087.0,104691865.1
2022-11-07,20605.0,19201114,395638970350.37665,404625941740.5865,-0.022715081333497065,20884341.06002941,919351.0,33.0,Fear,17087.0,103090842.5
2022-11-08,18570.31,19202133,356589572591.5097,403829635953.20734,-0.13247741098647708,13906201.744127806,1059839.0,31.0,Fear,17087.0,92910890.76
2022-11-09,15915.96,19203064,305635211154.16595,401455771188.2029,-0.3135128301225212,26458268.21217531,1076548.0,29.0,Fear,17087.0,79630658.88
2022-11-10,17566.29,19203983,337342744106.1879,401079216791.8966,-0.18893684183005835,16758468.340274911,1053637.0,22.0,Extreme Fear,17087.0,87887582.45
2022-11-11,17100.33,19204821,328408777459.9483,400432967347.425,-0.21931262143643687,47377058.599155046,977570.0,25.0,Extreme Fear,17087.0,85556293.49
2022-11-12,16797.85,19205864,322617235946.2029,399483509634.6635,-0.23825842243989173,31000185.555256367,927792.0,21.0,Extreme Fear,17087.0,84042926.92
2022-11-13,16343.12,19206671,313896929688.4858,399214155237.6673,-0.2718001276210351,4513830.725465329,897887.0,22.0,Extreme Fear,17087.0,81767823.85
2022-11-14,16638.24,19207439,319577993094.27765,398611333183.09955,-0.24730532701451233,14050823.23962102,948108.0,24.0,Extreme Fear,17087.0,83244366.9
2022-11-15,16898.91,19208408,324601167244.6952,397927391926.9006,-0.22589636785541695,14254159.211582504,997707.0,22.0,Extreme Fear,17087.0,84548549.86
2022-11-16,16689.91,19209346,320602256649.42126,397040480680.34174,-0.23842072987809848,35273272.051946215,955242.0,23.0,Extreme Fear,17087.0,83502882.01
2022-11-17,16894.6,19210208,324548789283.86633,395389084782.52844,-0.218273177524325,18932517.794603206,885270.0,20.0,Extreme Fear,17087.0,84526986.09
2022-11-18,16699.7,19211077,320819227502.82654,391095048110.78296,-0.21905114963016756,75567840.21607618,971978.0,23.0,Extreme Fear,17087.0,83551863.29
2022-11-19,16727.15,19211996,321361939643.636,390899733242.0153,-0.2163846586048461,4095900.6378118666,1109770.0,23.0,Extreme Fear,17087.0,83689201.01
2022-11-20,16215.68,19212927,311550680878.5147,390616352954.6204,-0.25378109222279754,9319512.667570584,1019510.0,24.0,Extreme Fear,17087.0,81130216.62
2022-11-21,15829.14,19213733,304136878206.0416,389896983880.7588,-0.2819786478396672,12878387.07721684,978810.0,21.0,Extreme Fear,17087.0,79196281.45
2022-11-22,16205.33,19214521,311377654325.6992,389433184342.0778,-0.25067800766054,16431966.226110227,928080.0,22.0,Extreme Fear,17087.0,81078433.55
2022-11-23,16637.74,19215402,319700867379.1302,389671083427.1696,-0.2188615145828254,86631878.05676916,1061671.0,22.0,Extreme Fear,17087.0,83241865.3
2022-11-24,16614.47,19216208,319267120384.1637,389445689879.4772,-0.21981145258825868,8826635.789749308,997933.0,20.0,Extreme Fear,17087.0,83125440.94
2022-11-25,16509.55,19216977,317263647500.1878,389215413222.2971,-0.2267885598902935,6015347.529093044,981952.0,20.0,Extreme Fear,17087.0,82600505.67
2022-11-26,16473.58,19217658,316583635453.26276,388975719552.361,-0.2286665386082014,4114668.949479832,893310.0,22.0,Extreme Fear,17087.0,82420540.73
2022-11-27,16473.15,19218508,316589374037.5884,388890608280.87854,-0.2283754294125674,3726166.237181125,857686.0,26.0,Fear,17087.0,82418389.36
2022-11-28,16224.03,19219377,311815753814.92773,388386662966.42896,-0.24556459452317608,9739824.623219328,940693.0,28.0,Fear,17087.0,81171993.3
2022-11-29,16457.27,19220196,316311955765.0192,388232747780.6493,-0.22737298007495596,8501369.771808958,964873.0,26.0,Fear,17087.0,82338938.61
2022-11-30,17162.94,19221058,329889874543.82385,388082685113.0952,-0.17640071751138517,7222603.144223292,941581.0,29.0,Fear,17087.0,85869543.56
2022-12-01,16974.19,19222014,326278131312.6481,387913739269.25183,-0.18890511511953872,13948805.692801312,1035543.0,27.0,Fear,17087.0,84925190.41
2022-12-02,17164.23,19222796,329944492558.97186,387687983835.43207,-0.17500971399345167,9087071.164329711,971482.0,27.0,Fear,17087.0,85875997.68
2022-12-03,16970.09,19223614,326226473195.9887,387592995498.7325,-0.18811018523894074,3141516.678390005,942108.0,27.0,Fear,17087.0,84904677.31
2022-12-04,17133.54,19224489,329383564881.72675,387413924100.77954,-0.1761786725451527,5679146.497343564,854339.0,26.0,Fear,17087.0,85722449.61
2022-12-05,17002.4,19225402,326877979980.0143,386292762812.18475,-0.18176440895713797,16828044.49526088,968963.0,26.0,Fear,17087.0,85066330.56
2022-12-06,17071.7,19226246,328224704605.9307,385974965394.0937,-0.17594733113553535,7716838.996852333,945078.0,25.0,Extreme Fear,17087.0,85413052.0
2022-12-07,16849.19,19227321,323964785477.71423,385904947437.6576,-0.19119411965904629,5344836.378189374,923181.0,29.0,Fear,17087.0,84299790.98
2022-12-08,17233.91,19228364,331379908323.69794,385770071503.706,-0.16413235025365133,5971018.876050381,886391.0,25.0,Extreme Fear,17087.0,86224620.34
2022-12-09,17146.82,19229314,329721599512.7039,385432752024.13275,-0.16896421888576435,11559931.79906244,945942.0,26.0,Fear,17087.0,85788892.05
2022-12-10,17121.26,19230277,329246577439.29443,385438594087.71906,-0.17066849133393086,4498414.754685043,937078.0,27.0,Fear,17087.0,85661010.37
2022-12-11,17033.13,19231196,327567462289.4762,385331093341.6087,-0.17634117457333395,4771334.691426942,776310.0,26.0,Fear,17087.0,85220078.75
2022-12-12,17206.98,19232089,330926184460.2694,385279787904.98047,-0.16424691063162664,5748391.426274603,909722.0,27.0,Fear,17087.0,86089884.29
2022-12-13,17781.21,19233121,341988164256.04803,385135974565.34845,-0.12616755437476326,11125394.47350778,975737.0,27.0,Fear,17087.0,88962869.22
2022-12-14,17835.72,19234046,343053059725.2095,384820704167.9214,-0.12175272383860505,12893082.99501072,929316.0,30.0,Fear,17087.0,89235593.4
2022-12-15,17341.72,19234914,333566506598.24384,384692619212.5022,-0.15327112165921378,5526569.809509297,916384.0,31.0,Fear,17087.0,86764014.84
2022-12-16,16674.82,19235727,320752290212.72766,384452570792.53,-0.1985964949386812,8184258.872907023,880665.0,29.0,Fear,17087.0,83427383.79
2022-12-17,16783.53,19236589,322857881921.5889,384347612086.954,-0.1904544804648715,6021007.686963083,973490.0,28.0,Fear,17087.0,86134566.36226615
2022-12-18,16742.25,19237496,322078968158.91504,384296117218.83057,-0.19317358539604282,3996896.298983378,806020.0,26.0,Fear,17087.0,86242673.16709694
2022-12-19,16442.72,19238346,316330737280.56494,383715453969.5412,-0.21301981991465585,14191587.722797558,966007.0,29.0,Fear,17087.0,86548440.82204449
2022-12-20,16918.05,19239221,325490103599.8709,383668096763.4222,-0.17873966833434116,4218723.659139837,953831.0,29.0,Fear,17087.0,86841853.67370166
2022-12-21,16833.1,19240114,323870776355.22565,383394190947.4835,-0.18378754410052675,7036199.119391415,929009.0,26.0,Fear,17087.0,86875149.02374543
2022-12-22,16828.62,19240958,323798779789.06915,383259131586.0452,-0.18363364999617995,6464236.937608461,905153.0,28.0,Fear,17087.0,86348469.67519552
2022-12-23,16791.49,19241783,323098215977.54443,383110300529.8628,-0.18573944882595467,9507398.352553893,893033.0,27.0,Fear,17087.0,86441587.188323
2022-12-24,16843.54,19242339,324109120030.1852,383045451656.87225,-0.18184101583194626,3897044.709026732,760320.0,29.0,Fear,17087.0,86516539.75970317
2022-12-25,16842.72,19243221,324108183958.5533,382860109866.45386,-0.18127257753976903,6194443.6854022425,756854.0,29.0,Fear,17087.0,85793460.55247678
2022-12-26,16907.44,19244027,325367236848.0838,382833896467.49115,-0.17662091664822088,2723286.3375557964,782542.0,28.0,Fear,17087.0,85985606.36152397
2022-12-27,16699.06,19244746,321369168889.7328,382639505418.7012,-0.19065405913282016,4923799.058523656,865433.0,27.0,Fear,17087.0,84553196.87217504
2022-12-28,16541.56,19245796,318355490025.64984,382103412850.86365,-0.20024131771711443,17509413.793982092,916269.0,28.0,Fear,17087.0,84818584.35407177
2022-12-29,16644.59,19246677,320353052437.1007,381754073425.0967,-0.1916667268218138,13372807.262150194,951166.0,28.0,Fear,17087.0,85038776.44182459
2022-12-30,16609.13,19247664,319686966776.096,381634520346.8055,-0.19377566184641057,11223381.24084232,1071553.0,28.0,Fear,17087.0,84872653.43546756
2022-12-31,16541.8,19248639,318407149760.4506,380838253666.53827,-0.19607318476691513,19812682.29316204,845879.0,25.0,Extreme Fear,17087.0,84758833.15547843
2023-01-01,16599.51,19249608,319534069538.3309,380798448852.45294,-0.19173035101589653,4207334.817306016,720490.0,26.0,Fear,17087.0,85691747.52652179
2023-01-02,16679.75,19250583,321094920884.2294,380774896576.9514,-0.18586396673100797,5244100.846180574,852672.0,27.0,Fear,17087.0,86067546.36654115
2023-01-03,16668.84,19251546,320900940776.2537,380623729893.0552,-0.18610973521091298,8293825.583343491,984939.0,26.0,Fear,17087.0,86837559.39948219
2023-01-04,16858.14,19252439,324560325405.1917,380430991293.77094,-0.17214262346708106,8260558.447612415,924789.0,29.0,Fear,17087.0,87103817.47595769
2023-01-05,16837.68,19253421,324182942460.48663,380312604570.4511,-0.17314193548849627,30827904.71005843,937729.0,29.0,Fear,17087.0,86933477.06518772
2023-01-06,16957.17,19254546,326502610557.40015,380132546412.8645,-0.16425576433801914,10882778.15037582,953580.0,26.0,Fear,17087.0,87801641.50588353
2023-01-07,16956.94,19255508,326514503066.5598,380050804737.8296,-0.1639630128783481,8102644.7160975635,807340.0,25.0,Extreme Fear,17087.0,87683666.15874729
2023-01-08,17082.58,19256464,328950100377.275,380045184482.50977,-0.15532776565999967,4265159.18670337,773840.0,25.0,Extreme Fear,17087.0,89094819.45071349
2023-01-09,17194.91,19257414,331129514232.1941,380014178127.9683,-0.14763004140275882,5715107.198252982,984100.0,25.0,Extreme Fear,17087.0,89202887.7764793
2023-01-10,17450.63,19258471,336072452571.5016,379858397974.45416,-0.13028721952043015,12110991.03367388,1150952.0,26.0,Fear,17087.0,90578372.50264718
2023-01-11,17994.56,19259389,346564245228.9927,379619976282.9896,-0.09538125040035604,10687145.556212973,945469.0,26.0,Fear,17087.0,94572814.22391298
2023-01-12,18862.31,19260333,363294382028.6412,379833464665.38635,-0.045525291485078015,8243116.343311082,1050430.0,30.0,Fear,17087.0,98243539.10305382
2023-01-13,19984.35,19261327,384925106127.25287,380178559100.9907,0.012331092336421878,8014028.929297363,1074196.0,31.0,Fear,17087.0,107726222.47352308
2023-01-14,20934.0,19262396,403238998805.42206,380439312243.1535,0.056541372808214564,5161980.904456095,983318.0,46.0,Fear,17087.0,107139754.91840516
2023-01-15,20925.0,19263414,403086954584.76733,380514318130.19324,0.05599942195556015,5514310.786076641,811063.0,52.0,Neutral,17087.0,109859054.08891238
2023-01-16,21145.0,19264333,407344332808.41095,380700055408.24756,0.06540971667990574,16427849.099147536,971751.0,45.0,Fear,17087.0,109619363.4158863
2023-01-17,21159.0,19265308,407634663503.0405,380886698028.2769,0.06561749495222724,6933829.170303251,993453.0,51.0,Neutral,17087.0,110885935.70488948
2023-01-18,20738.0,19266183,399542114355.6077,380825739088.8469,0.046844561797814675,10398307.79429631,953948.0,52.0,Neutral,17087.0,108612349.28404252
2023-01-19,21085.0,19267089,406246588326.9627,380782874385.01587,0.06268043762979905,7834334.442275846,935852.0,45.0,Fear,17776.0,109708512.03730068
2023-01-20,22653.0,19267914,436476073850.4772,381198914945.42725,0.12664419017842002,6123025.1606808,918882.0,51.0,Neutral,17776.0,117911300.76012212
2023-01-21,22853.0,19268777,440349367521.9713,381382751929.5261,0.13390870963270554,4824027.401605575,905450.0,53.0,Neutral,17776.0,119665175.287296
2023-01-22,22727.0,19269721,437942950189.055,381528689240.6402,0.12881646096611762,2837298.301544308,863602.0,53.0,Neutral,17776.0,119328666.34863394
2023-01-23,22983.0,19270708,442898694489.06757,381613899232.95074,0.13837203861441855,5444447.808492782,932335.0,50.0,Neutral,17776.0,121391760.4675859
2023-01-24,22661.0,19271514,436711796768.8369,381697937231.062,0.12597291839793187,5928870.448120117,915811.0,52.0,Neutral,17776.0,119145225.34810238
2023-01-25,23118.0,19272608,445544164342.6386,381913590236.73505,0.1428154135960571,6112434.9106659135,922991.0,51.0,Neutral,17776.0,121814236.45783836
2023-01-26,23033.0,19273577,443928305835.0661,381724852275.3957,0.14012049410244418,30091925.198855653,901563.0,54.0,Neutral,17761.0,120850108.31465696
2023-01-27,23082.0,19274539,444894927547.5197,381503263866.43097,0.14248682049609976,12921335.20669714,928369.0,55.0,Greed,17761.0,121932499.108385
2023-01-28,23027.0,19275589,443859006208.79626,381581251422.34436,0.1403097693530989,2873536.403274633,862388.0,52.0,Neutral,17761.0,122545359.2650713
2023-01-29,23763.0,19276596,458069751816.6449,381735982945.80634,0.16664223858508184,3466321.680761672,835444.0,55.0,Greed,17761.0,125091156.11697792
2023-01-30,22843.0,19277458,440354985542.7716,381760077594.89,0.13306289214747696,4751835.892786948,948343.0,61.0,Greed,17761.0,120813641.96679178
2023-01-31,23066.0,19278177,444670437485.8002,381926462121.6002,0.14110219631185528,6662547.994472519,948426.0,51.0,Neutral,17761.0,122501586.35599747
2023-02-01,23768.0,19279033,458224069296.86975,382453031762.63995,0.16535804775706794,10292890.810585462,1054556.0,56.0,Greed,17761.0,126790971.57510927
2023-02-02,23570.0,19279939,454428180967.4655,382561942892.6402,0.15814652586427191,4172889.2151914057,1004623.0,60.0,Greed,17731.0,125238278.21687388
2023-02-03,23391.0,19280771,450996515512.9157,382692364543.06757,0.15145161574511554,7870360.7446623,993120.0,60.0,Greed,17731.0,124006213.70334885
2023-02-04,23340.0,19281621,450033035189.6222,382845062468.2042,0.1492956460254261,2887912.9271714757,977809.0,58.0,Greed,17731.0,124837262.31314103
2023-02-05,22981.0,19282571,443132765184.4776,382855384838.2163,0.13602555505271116,4045179.946759487,809568.0,58.0,Greed,17731.0,121713807.81553346
2023-02-06,22836.0,19283496,440357915682.95685,382889048181.81116,0.13050490397570458,4393932.3086819565,915863.0,56.0,Greed,17731.0,122663256.22567768
2023-02-07,23267.0,19284383,448689751940.8393,382995736106.2829,0.14641300709542013,3911665.5371929496,933987.0,54.0,Neutral,17731.0,124355112.82638983
2023-02-08,22964.0,19285246,442866390176.71313,383051172702.3224,0.13506379983029013,5930314.8581825225,945888.0,58.0,Greed,17731.0,121152540.82894304
2023-02-09,21832.0,19286258,421057596553.80597,382923608142.8845,0.09056715452478102,6848190.88305625,1074333.0,55.0,Greed,17734.0,117055072.91853043
2023-02-10,21643.0,19287177,417432378195.05646,382819890934.7278,0.08291759113174269,6904107.912112257,916853.0,48.0,Neutral,17734.0,116125341.7648574
2023-02-11,21867.0,19288102,421772932884.12994,382829108153.51666,0.092333627158839,4016111.390123604,883953.0,49.0,Neutral,17734.0,116611390.8378822
2023-02-12,21815.0,19289114,420792039252.2915,382815667677.2596,0.09024973866547575,3872001.206904349,876806.0,50.0,Neutral,17734.0,117085787.42490228
2023-02-13,21804.0,19290089,420601117889.5468,382786594327.6423,0.08990590360683476,4934912.835783961,970819.0,48.0,Neutral,17734.0,116875953.0773679
2023-02-14,22216.0,19291052,428570017785.0748,382839104965.1083,0.10670581450450488,3136930.547487781,912315.0,50.0,Neutral,17734.0,118964093.54899658
2023-02-15,24328.0,19292071,469337504382.0535,383244054067.7796,0.1834361190197822,6415994.319140017,994080.0,53.0,Neutral,17734.0,132708333.9850692
2023-02-16,23590.0,19293189,455126347263.3649,383327737279.5545,0.15775533632699845,6641981.587968732,1127027.0,62.0,Greed,17791.0,126712484.29552418
2023-02-17,24632.0,19294221,475255252779.7247,383592339757.40936,0.19287090986619776,4799982.871387239,1052081.0,61.0,Greed,17791.0,131364981.3795811
2023-02-18,24641.0,19295271,475454773819.1294,383689001586.1678,0.19300631161160825,2307791.4913307745,1054449.0,60.0,Greed,17791.0,132471237.591582
2023-02-19,24284.0,19296283,468590949606.07477,383750107406.34033,0.1810552300915258,4650758.770033778,920448.0,60.0,Greed,17791.0,131158217.522204
2023-02-20,24792.0,19297202,478416239296.92004,383889150932.89294,0.19758336067969598,2965611.559865056,910033.0,58.0,Greed,17791.0,133609063.27117772
2023-02-21,24422.0,19298246,471301764910.28076,383949852060.5252,0.18534179023578295,5162956.070131339,1015220.0,60.0,Greed,17791.0,128747420.45508575
2023-02-22,24148.0,19299121,466035174993.95874,383891034870.18066,0.17626167407823437,7653582.925450066,942922.0,59.0,Greed,17791.0,130822353.74147992
2023-02-23,23959.0,19300189,462413247297.7092,383983847349.89307,0.16960889508712979,4039907.822646823,1079195.0,56.0,Greed,17836.0,128710809.20583594
2023-02-24,23224.0,19301033,448247203048.4056,383866745319.7154,0.14362712648479778,9370965.651918463,964182.0,53.0,Neutral,17836.0,124557111.87683436
2023-02-25,23145.0,19301702,446737899617.10284,383828687581.5371,0.14081906211558265,3395121.8530919477,817375.0,52.0,Neutral,17836.0,125195775.74724068
2023-02-26,23525.0,19302752,454097247739.19183,383898638196.8638,0.15458937461485395,3509317.8580450146,918618.0,51.0,Neutral,17836.0,127206329.45119272
2023-02-27,23514.0,19303627,453905492213.94714,383976883722.7671,0.1540598421713289,9392982.479645915,971028.0,50.0,Neutral,17836.0,126706269.73249924
2023-02-28,23204.0,19304483,447941236177.50616,383585448974.7976,0.14367015582643572,14408685.169492334,985104.0,53.0,Neutral,17836.0,127810563.3466956
2023-03-01,23624.0,19305546,456074219766.3939,383447918989.3581,0.1592422847628524,14584547.44556038,1086910.0,50.0,Neutral,17836.0,127164461.2006455
2023-03-02,23469.0,19306446,453102982229.42346,383419656828.8126,0.15379136340649263,5206975.329098812,943944.0,51.0,Neutral,17916.0,121448092.05215923
2023-03-03,22352.0,19307496,431561151597.19086,383277489476.8514,0.11188139141265042,5661235.882124357,1089647.0,50.0,Neutral,17916.0,120145682.6769586
2023-03-04,22370.0,19308446,431929938026.00037,383283814632.60803,0.11262503269792806,4078075.47817099,907043.0,50.0,Neutral,17916.0,120832762.812652
2023-03-05,22435.0,19309414,433206720925.17346,383072740905.93274,0.11572761362559797,10126239.863458307,995109.0,47.0,Neutral,17916.0,120426990.0837259
2023-03-06,22414.0,19310239,432819714764.47906,383008433666.8806,0.1150855180538703,7647134.515959,928913.0,48.0,Neutral,17916.0,121117516.95496383
2023-03-07,22218.0,19311271,429057820077.1648,381709243184.45667,0.1103547696303324,25075514.98102714,1067377.0,49.0,Neutral,17916.0,118131291.96929634
2023-03-08,21722.0,19312102,419497486051.3592,381571242990.72516,0.09040874932916931,5533937.63378803,895631.0,50.0,Neutral,17916.0,117357325.6161708
2023-03-09,20377.0,19312946,393539901558.3732,381208394171.34106,0.031334833744178926,8143342.663059666,930069.0,44.0,Fear,17940.0,108017920.4517472
2023-03-10,20174.0,19313796,389636521411.24414,380969154533.05676,0.02224474966256912,5818113.24640574,993874.0,34.0,Fear,17940.0,110103062.17194396
2023-03-11,20513.0,19314827,396205052301.7393,380949562559.7435,0.03850402626965395,6746122.023439771,975440.0,33.0,Fear,17940.0,110955754.56223585
2023-03-12,22184.0,19315833,428502451361.63574,381101865699.29016,0.11061917034948707,3647284.256569977,891560.0,33.0,Fear,17940.0,120840678.09636268
2023-03-13,24202.0,19316814,467505551667.88715,381750976185.0777,0.1834300687486358,12592510.887039796,995257.0,49.0,Neutral,17940.0,131424616.9082434
2023-03-14,24712.0,19317727,477379676913.3223,382227709329.60406,0.1993213623984981,14185682.871274516,1028332.0,56.0,Greed,17940.0,134020126.9452075
2023-03-15,24421.0,19318646,471780655064.2358,382408829867.6338,0.18943512040448857,12020702.16947131,1015002.0,50.0,Neutral,17940.0,132221022.76162016
2023-03-16,25036.0,19319483,483682590031.89294,382720091027.05493,0.20873709553651865,9603868.97044133,893376.0,52.0,Neutral,17954.0,139431416.29251897
2023-03-17,27534.0,19320402,531967956789.7304,383871003275.02435,0.27839450031619845,9138152.992346078,1074437.0,51.0,Neutral,17954.0,149102571.3838313
2023-03-18,27155.0,19321414,524673018757.4364,384008144087.1146,0.268100073076853,4348438.752740382,972557.0,64.0,Greed,17954.0,147402550.79946327
2023-03-19,28225.0,19322339,545373040713.05536,384298292407.70795,0.29534783768326367,4716909.877465742,849038.0,63.0,Greed,17954.0,148577879.8235705
2023-03-20,27984.0,19323302,540743291422.46735,384651040015.6056,0.2886623909771473,7858684.745698485,1023019.0,66.0,Greed,17954.0,150922394.91750503
2023-03-21,28257.0,19324208,546044160855.2444,385075221147.36334,0.29479106498595764,7435680.100079291,985637.0,68.0,Greed,17954.0,153430451.25458655
2023-03-22,27422.0,19325202,529935697332.69366,385221948876.57806,0.2730779398038255,9170545.911859293,944070.0,62.0,Greed,17954.0,150138119.83274403
2023-03-23,28454.0,19326346,549911850363.6036,385877554129.53925,0.29829198284344,11223237.257167494,915894.0,57.0,Greed,18012.0,153908175.42369324
2023-03-24,27644.0,19327358,534285499617.1772,386007882902.22003,0.2775250625764691,9136606.529662112,886593.0,61.0,Greed,18012.0,149668514.71173316
2023-03-25,27657.0,19328264,534561819434.51184,386078561936.2675,0.2777662977414247,3500365.033631291,909390.0,64.0,Greed,18012.0,149480966.09665647
2023-03-26,28005.0,19329164,541313260083.16174,386270616681.5681,0.28641944477357617,5146165.348691501,838165.0,64.0,Greed,18012.0,151780681.70659965
2023-03-27,27118.0,19330089,524193375060.02246,386798443805.6965,0.26210734013682196,11213165.812275158,1055338.0,64.0,Greed,18012.0,145377306.9199039
2023-03-28,27290.0,19330927,527541005879.7575,386964121063.0168,0.26647574927811857,5171764.83866063,977256.0,59.0,Greed,18012.0,148633699.17187437
2023-03-29,28402.0,19331846,549063091369.2652,387310250505.0696,0.2945979130755501,4624296.045580216,992610.0,57.0,Greed,18012.0,154799440.99437717
2023-03-30,28032.0,19332814,541937464332.6259,381407265481.55066,0.29621535585985315,91213768.49157313,1018397.0,60.0,Greed,18032.0,151747212.706296
2023-03-31,28512.0,19333696,551242341634.212,381853203768.4179,0.30728615179237395,15126048.19174892,1044871.0,63.0,Greed,18032.0,154043793.3014151
2023-04-01,28535.0,19334571,551711984768.2463,382026797468.2429,0.30756117681815787,4526256.486592541,1047870.0,61.0,Greed,18032.0,153607033.49250185
2023-04-02,28192.0,19335502,545106480699.8213,382095028391.4721,0.2990451555429519,2630964.3332249485,1015069.0,63.0,Greed,18032.0,149623966.39805475
2023-04-03,27825.0,19336321,538033133076.31696,382202977812.90015,0.2896292917360411,7126617.517887274,975912.0,63.0,Greed,18032.0,150833478.68336678
2023-04-04,28186.0,19337333,545042083298.55145,382366199645.5414,0.29846481333791425,9749023.748092225,1126607.0,62.0,Greed,18032.0,154417171.25106716
2023-04-05,28102.0,19338202,543442160893.2739,382702573993.70056,0.2957804868053674,12376757.447828967,962257.0,62.0,Greed,18032.0,151561911.26778662
2023-04-06,28056.0,19339202,542580659587.70526,382775649223.59045,0.29452765693039445,10060211.64058622,1038298.0,63.0,Greed,18004.0,151408237.51419267
2023-04-07,27932.0,19340089,540207388153.12885,382708111584.20123,0.29155335529080617,8053178.622854449,974883.0,64.0,Greed,18004.0,151812503.5276153
2023-04-08,27955.0,19341008,540677893874.66315,382769575306.73505,0.2920561768048418,2215167.442621221,873000.0,61.0,Greed,18004.0,152146992.8602731
2023-04-09,28351.0,19341921,548362803545.9717,382842313995.5394,0.30184485249564513,1663833.7319170951,936841.0,61.0,Greed,18004.0,153545896.16846615
2023-04-10,29673.0,19342689,573955634286.1733,383248738103.94904,0.3322676611048619,7768798.980522893,948055.0,62.0,Greed,18004.0,162701306.50162205
2023-04-11,30261.0,19343652,585358262098.1162,383947597022.1503,0.34408101519579465,20554568.399918053,1160423.0,68.0,Greed,18004.0,162439341.6689628
2023-04-12,29985.0,19344652,580049399064.7042,384048711431.7981,0.33790344054997,18744786.26706349,1046999.0,65.0,Greed,18004.0,163060314.54422927
2023-04-13,30428.0,19345539,588646084881.3763,384414699268.7169,0.3469510642440033,8517511.52814752,1020560.0,61.0,Greed,18032.0,167213986.01844522
2023-04-14,30469.0,19346414,589465912387.9702,384831145953.3301,0.3471528414690673,12749764.434414493,1016870.0,68.0,Greed,18032.0,165209906.9118718
2023-04-15,30316.0,19347402,586535847974.3396,384919494132.124,0.34374088904969385,3438022.565904036,1052383.0,68.0,Greed,18032.0,164837131.64475712
2023-04-16,30313.0,19348177,586501298342.4547,385017480111.1153,0.3435351614749439,3357583.4801564696,838013.0,68.0,Greed,18032.0,162827277.23336196
2023-04-17,29458.0,19349146,569987144192.7545,385002330733.0171,0.3245420801932692,6650646.6861862205,987872.0,69.0,Greed,18032.0,161223299.2504204
2023-04-18,30402.0,19350183,588284280134.2072,385380704145.93195,0.3449073565963486,5851901.236847238,1149961.0,58.0,Greed,18032.0,165128356.96724513
2023-04-19,28855.0,19351052,558374613971.3871,385535833077.9693,0.309539109710089,27228242.68083133,994818.0,63.0,Greed,18032.0,156794212.84698018
2023-04-20,28268.0,19351883,547039044049.2391,385511707813.3025,0.29527569922668534,5152158.208261792,953756.0,52.0,Neutral,18070.0,151843732.2385667
2023-04-21,27281.0,19352789,527963458396.6027,385525086049.37177,0.2697883159940819,6762747.212156814,1036355.0,50.0,Neutral,18070.0,147537407.40916643
2023-04-22,27831.0,19353721,538633410402.5868,385603304877.96497,0.28410808273152544,2365454.1995994467,921038.0,53.0,Neutral,18070.0,148706517.34438676
2023-04-23,27593.0,19354639,534052575862.63367,385690532283.0727,0.27780419060785866,3201933.4201883813,842549.0,56.0,Greed,18070.0,149102501.3608889
2023-04-24,27510.0,19355521,532470383947.1511,385699761895.9131,0.2756409116376421,5372177.452838414,983636.0,53.0,Neutral,18070.0,147159370.63612133
2023-04-25,28385.0,19356302,549428640642.7507,385834226481.6188,0.2977537064135399,5099102.894675655,906982.0,53.0,Neutral,18070.0,152519979.69548732
2023-04-26,28453.0,19357114,550767987261.3087,386006532107.5089,0.299148568843072,5835508.357898444,893665.0,56.0,Greed,18070.0,0.0
2023-04-27,29487.0,19357927,570807202146.8087,386223346604.5203,0.3233733821999225,5154843.385210772,897822.0,59.0,Greed,17974.0,156420258.04044324
2023-04-28,29355.0,19358846,568278925650.1226,386423225719.12537,0.32001133901446477,5748031.407426139,955033.0,64.0,Greed,17974.0,158366348.89478764
2023-04-29,29267.0,19359702,566600407066.915,386587659433.9936,0.31770670367990417,10225754.74156828,811292.0,64.0,Greed,17974.0,158235631.8783142
2023-04-30,29289.0,19360627,567053412842.4044,386641281700.2369,0.3181572089264679,2251079.832411552,782782.0,60.0,Greed,17974.0,153604974.14060768
2023-05-01,28015.0,19361764,542419840731.11145,386572654140.6126,0.28731837386412173,4596523.198588259,933809.0,63.0,Greed,17974.0,151779291.01239657
2023-05-02,28676.0,19362571,555241087285.5873,386731376722.21387,0.30348926695459183,5034773.515859235,815626.0,55.0,Greed,17974.0,154262473.61380008
2023-05-03,29005.0,19363452,561636933815.6327,387426522804.58936,0.3101833239981169,14740981.065966465,964920.0,64.0,Greed,17974.0,157637978.2822299
2023-05-04,28855.0,19364364,558758746158.8871,387478467275.61206,0.30653708789476425,5301264.174844692,904617.0,64.0,Greed,18040.0,158054036.58735937
2023-05-05,29524.0,19365108,571735464681.7227,387643814600.0685,0.3219874600295007,4779134.420649735,831530.0,61.0,Greed,18040.0,158455916.85804442
2023-05-06,28858.0,19366039,558865176403.272,387664594125.4766,0.30633610664311384,1756802.3526392598,767118.0,60.0,Greed,18040.0,156009654.6013245
2023-05-07,28474.0,19366908,551453353909.503,389532063400.4434,0.2936264497461592,26501993.30530497,567445.0,64.0,Greed,18040.0,152356752.03776208
2023-05-08,27678.0,19367764,536060993995.20624,389682193865.22894,0.2730637031413748,8757839.430253306,691575.0,60.0,Greed,18040.0,148581124.16110587
2023-05-09,27769.0,19368708,537849667585.2986,389642109050.3051,0.2755557314005199,3217696.7945398213,761548.0,51.0,Neutral,18040.0,149035462.42621905
2023-05-10,27619.0,19369771,534973706491.0529,389606700637.4069,0.2717273841496305,8016003.1116110785,899669.0,52.0,Neutral,18040.0,147149947.29258397
2023-05-11,26997.0,19370714,522951187319.831,389531901013.1713,0.2551276095010794,8320927.6639676,832817.0,52.0,Neutral,18015.0,142257663.78774816
2023-05-12,26797.0,19371596,519100659217.0868,389588227393.5611,0.2494938689133197,8320119.590691998,809108.0,49.0,Neutral,18015.0,143492446.15780616
2023-05-13,26786.0,19372502,518911846473.0921,389594448291.4317,0.24920879926060058,2458428.357285353,719504.0,48.0,Neutral,18015.0,143873276.8365414
2023-05-14,26929.0,19373589,521711399588.77295,389663906444.35565,0.2531044812294704,7864220.297018696,836690.0,48.0,Neutral,18015.0,144984083.01093775
2023-05-15,27190.0,19374508,526792887337.7604,390087562769.55347,0.2595048791548251,32107030.045499086,813853.0,50.0,Neutral,18015.0,144097271.36856443
2023-05-16,27026.0,19375464,523641311548.88513,390239542153.6444,0.2547579162550219,9820116.384909349,813434.0,54.0,Neutral,18015.0,143238117.49878412
2023-05-17,27386.0,19376464,530643864875.0747,390335979841.67145,0.26441064209125426,4365751.809665899,838435.0,50.0,Neutral,18015.0,144456345.6612534
2023-05-18,26872.0,19377346,520708042920.4596,390260268687.61707,0.25051999101302336,4483820.899929938,813710.0,51.0,Neutral,18091.0,142339341.749887
2023-05-19,26849.0,19378283,520287534898.9253,390223180686.52484,0.24998552817081743,4632156.848533829,898269.0,48.0,Neutral,18091.0,142391914.2623042
2023-05-20,27102.0,19379102,525212430398.3029,390275315574.31805,0.2569191188442612,3230723.312203595,741142.0,48.0,Neutral,18091.0,143564737.39378276
2023-05-21,26754.0,19380046,518493751887.1531,390290615025.62585,0.24726071701907382,3390963.3747033486,777170.0,52.0,Neutral,18091.0,141858254.66923463
2023-05-22,26862.0,19380946,520610972660.0099,390853560083.16205,0.24924064107574465,19153757.56421457,830833.0,49.0,Neutral,18091.0,146326459.3242833
2023-05-23,27222.0,19381908,527614314411.19946,390956747563.3984,0.2590103473600911,5960396.459319206,851408.0,50.0,Neutral,18091.0,142907054.99832517
2023-05-24,26350.0,19382789,510736511097.4848,390886500322.7627,0.234661137730657,6272004.974272015,863939.0,50.0,Neutral,18091.0,140154361.36521745
2023-05-25,26475.0,19383733,513184345603.10614,391177660894.7298,0.2377443617556012,36318713.21423521,934639.0,51.0,Neutral,18124.0,140870786.8897493
2023-05-26,26709.0,19384689,517745679733.87933,391222898525.402,0.2443724518831522,8723617.099980364,962531.0,49.0,Neutral,18124.0,142965550.29161012
2023-05-27,26848.0,19385596,520464482615.3803,391254983697.5082,0.24825805263133982,2449957.2053723563,887381.0,48.0,Neutral,18124.0,145138465.1772587
2023-05-28,28258.0,19386596,547826431038.78937,391435626061.16864,0.2854750996242957,4986096.404579024,874230.0,50.0,Neutral,18124.0,149746410.73575667
2023-05-29,27741.0,19387608,537831648646.03937,391537641909.13196,0.27200706225673826,6994526.518505071,905417.0,52.0,Neutral,18124.0,148249274.212409
2023-05-30,27691.0,19388571,536888920806.29083,391704118696.0894,0.2704186964636284,10486607.991988445,956160.0,51.0,Neutral,18124.0,145284084.0100012
2023-05-31,27248.0,19389452,528323796133.3687,391739830204.7128,0.2585232142263321,10362278.991466084,934567.0,51.0,Neutral,18124.0,143541893.30201986
2023-06-01,26821.0,19390277,520066627328.4161,391796222576.0326,0.24664225314996457,11403007.24481778,920709.0,52.0,Neutral,18132.0,144430869.86497483
2023-06-02,27224.0,19391302,527908813678.2894,391921836088.89026,0.2575955810282614,5936746.212663245,982299.0,50.0,Neutral,18132.0,144587344.4064951
2023-06-03,27052.0,19392114,524595489433.5544,391923910217.69324,0.25290263048032824,3094159.851810961,866525.0,53.0,Neutral,18132.0,144095021.04710647
2023-06-04,27103.0,19393039,525609557563.0979,391944844555.68536,0.2543041904091831,2952457.4657371207,895565.0,52.0,Neutral,18132.0,143029685.3764457
2023-06-05,25745.0,19393902,499296014584.02734,391774000408.55786,0.21534723097088615,8954194.210083628,884878.0,53.0,Neutral,18132.0,137811247.11103448
2023-06-06,27235.0,19394846,528218632034.78406,392076042843.3648,0.25773908933688283,6174507.223785845,1030676.0,44.0,Fear,18132.0,144189117.95247385
2023-06-07,26322.0,19395689,510533346783.2256,392013298459.2262,0.23214947480075862,4868975.759222221,1002967.0,53.0,Neutral,18132.0,141245596.38978374
2023-06-08,26512.0,19396652,514244045644.2701,392053835072.77515,0.2376113279414039,9810786.158794086,974592.0,50.0,Neutral,18123.0,141911220.78229553
2023-06-09,26471.0,19397708,513476742893.9263,392085854042.50244,0.23640971189322335,5027918.394187108,1025999.0,50.0,Neutral,18123.0,138221470.8189351
2023-06-10,25854.0,19398671,501533241196.6792,391976457318.8151,0.21844371395295162,6120383.807060818,943821.0,49.0,Neutral,18123.0,138384712.27575642
2023-06-11,25919.0,19399689,502820559795.8523,391974858830.5326,0.2204478293614796,3616696.825631088,885080.0,47.0,Neutral,18123.0,138594690.01958463
2023-06-12,25976.0,19400671,503951831064.16565,391933429394.7857,0.22227997749871695,8143550.123575663,978234.0,47.0,Neutral,18123.0,139997172.91864482
2023-06-13,25941.0,19401589,503296640871.3417,391915373159.54706,0.22130341962736672,9010645.950422214,939394.0,45.0,Fear,18123.0,139136257.1675299
2023-06-14,25112.0,19402346,487231713881.3107,391847157233.31885,0.19576836632442093,9219634.449628694,835411.0,46.0,Fear,18123.0,134314353.74829945
2023-06-15,25462.0,19403271,494046087347.0506,391813626867.2771,0.2069289952861395,9659474.37662375,913181.0,41.0,Fear,18090.0,137333772.5689396
2023-06-16,26328.0,19404227,510874496221.9954,391931578825.1035,0.23282218681201586,6319160.079566728,962059.0,47.0,Neutral,18090.0,144227932.8830435
2023-06-17,26509.0,19405102,514409856737.3852,391937554068.8339,0.23808311809055288,2816852.603402337,860690.0,47.0,Neutral,18090.0,143682717.37545162
2023-06-18,26375.0,19406046,511834464436.1091,392068228558.33417,0.23399408246125442,12857261.493090136,897404.0,49.0,Neutral,18090.0,143011895.6161377
2023-06-19,26789.0,19406933,519892342736.22705,391971056765.11804,0.24605341424697852,10723161.606888471,909634.0,47.0,Neutral,18090.0,145378744.4022462
2023-06-20,28351.0,19407783,550230071283.4717,392158589072.7194,0.28728252136789484,17450045.601512693,959473.0,49.0,Neutral,18090.0,156340067.73186845
2023-06-21,30195.0,19408539,586040859109.1481,392714687155.54004,0.32988514187813944,21629514.991110776,915404.0,59.0,Greed,18090.0,164354688.32600904
2023-06-22,29945.0,19409396,581214364566.6554,393043675275.0052,0.32375436803243396,7174441.58397988,1008212.0,65.0,Greed,18054.0,163135833.8479148
2023-06-23,30712.0,19410177,596125365083.1481,393501555783.36255,0.33990133815480805,20001614.8181332,951874.0,65.0,Greed,18054.0,167148731.7259322
2023-06-24,30530.0,19411089,592620571440.4634,393732285045.5986,0.335608137786094,5520082.759169942,1013179.0,62.0,Greed,18054.0,168087505.20699286
2023-06-25,30457.0,19412046,591232686391.6805,393887843299.2349,0.3337854073949294,5909183.307613786,951595.0,64.0,Greed,18054.0,164723122.34342924
2023-06-26,30271.0,19412958,587649668114.8159,394130220233.205,0.32931091155453657,5487046.731301274,1010313.0,55.0,Greed,18054.0,164578637.23199162
2023-06-27,30674.0,19413833,595499930158.4392,394602479640.24475,0.3373593183541491,10099220.164010333,963926.0,59.0,Greed,18054.0,165805553.39695752
2023-06-28,30097.0,19414508,584318463677.991,394942300660.42584,0.32409751666161185,7412412.09201815,836792.0,62.0,Greed,18054.0,164458267.69307113
2023-06-29,30463.0,19415421,591451971292.9503,394994931860.43384,0.33216059624089056,18062415.813812755,982837.0,54.0,Neutral,18054.0,167552739.50032502
2023-06-30,30510.0,19416408,592394624707.064,395336711412.90515,0.33264635612047105,6862440.399496632,1062608.0,56.0,Greed,18054.0,165696396.1679333
2023-07-01,30584.0,19417239,593856861889.3918,395912849775.58527,0.33331939869152244,31970741.82022742,926042.0,59.0,Greed,18054.0,165831047.7644998
2023-07-02,30614.0,19418308,594472097795.741,396040609827.6786,0.3337944517561578,4157311.190544977,1010690.0,63.0,Greed,18054.0,166559861.02354977
2023-07-03,31155.0,19419164,605004079187.3202,396279926806.42975,0.3449962728536673,6834278.785890294,961192.0,62.0,Greed,18054.0,168734348.131401
2023-07-04,30773.0,19420046,597613076941.8914,396391894785.6286,0.3367081309297193,4401440.584892022,963114.0,64.0,Greed,18054.0,167234152.32471007
2023-07-05,30471.0,19421021,591777932261.31,396494636831.6089,0.32999421705956816,5221709.378126818,969986.0,61.0,Greed,18054.0,165932486.3375997
2023-07-06,29947.0,19421889,581627333689.9954,396002568812.82336,0.3191472513843531,22020907.896427467,974988.0,56.0,Greed,18054.0,164191325.20804024
2023-07-07,30351.0,19422983,589506973573.4136,396154937560.5933,0.32798939568225716,4399692.143057274,1033151.0,55.0,Greed,18054.0,164559656.31909466
2023-07-08,30298.0,19424096,588511261970.5302,396228271094.8405,0.3267278016598402,2037228.127304624,,58.0,Greed,18054.0,164809969.1195845
2023-07-09,30142.0,19425152,585512940475.0146,396301289097.22736,0.32315537078357953,3769703.636391381,980068.0,55.0,Greed,18054.0,165217423.33832937
2023-07-10,30429.0,19426114,591117247096.1713,396456325737.88226,0.3293101703842162,7264289.515617547,930844.0,56.0,Greed,18054.0,149987910.20089948
2023-07-11,30621.0,19426958,594872897605.5558,396697017592.0142,0.3331398704012679,12457410.04119954,931508.0,57.0,Greed,18054.0,149305623.64535344
2023-07-12,30400.0,19427858,590606899767.1172,396836963582.0609,0.32808613692366595,6933229.171165854,953165.0,64.0,Greed,18054.0,147364621.697888
2023-07-13,31465.0,19428608,611321167867.5112,397028730875.5735,0.3505398606422546,10780490.457135478,873562.0,57.0,Greed,18054.0,152632342.66009986
2023-07-14,30317.0,19429471,589043273670.3845,397045094983.67,0.3259491912883678,8354594.96333264,1002400.0,60.0,Greed,18054.0,147322998.15440568
2023-07-15,30304.0,19430333,588816827746.7999,397091643237.8385,0.3256109123827659,2402943.391363234,916326.0,56.0,Greed,18054.0,146718690.10649478
2023-07-16,30281.0,19431302,588399264794.0156,397145132460.58234,0.325041419622417,2670663.1830921154,925365.0,57.0,Greed,18054.0,147429890.96970114
2023-07-17,30144.0,19432152,585762798779.6046,397076195631.738,0.32212117864258677,10298116.065903816,951557.0,54.0,Neutral,18054.0,147213688.742546
2023-07-18,29857.0,19433164,580216001283.4479,397229478191.73047,0.3153765540539179,11454871.00123584,1017135.0,56.0,Greed,18054.0,147779979.44396096
2023-07-19,29915.0,19434089,581370796216.5563,397411488663.8696,0.3164233717102006,9573357.723739471,961963.0,50.0,Neutral,18054.0,149131263.91854033
2023-07-20,29797.0,19434889,579101411220.7496,397493070360.3476,0.3136036924475291,7397391.999592599,904255.0,56.0,Greed,18054.0,147760497.80600086
2023-07-21,29908.0,19435589,581279619587.9915,397381394680.0433,0.31636792123951374,9505470.399821712,856403.0,50.0,Neutral,18054.0,147849022.42934352
2023-07-22,29822.0,19436427,579633134790.6239,397446199154.96326,0.3143142182537072,7017966.20699295,925679.0,52.0,Neutral,18054.0,148254964.09150314
2023-07-23,30080.0,19437346,584675369032.7264,397540653864.5412,0.320066014543723,3683459.539620589,895779.0,54.0,Neutral,18054.0,147313050.1213325
2023-07-24,29168.0,19438283,566975854439.7129,397484692984.3781,0.2989389409233774,7196633.878824318,942591.0,55.0,Greed,18054.0,142476158.98489916
2023-07-25,29218.0,19439146,567972969141.9615,397506784927.7671,0.3001308045904336,4635967.8783778725,941826.0,50.0,Neutral,18054.0,136654814.40966377
2023-07-26,29349.0,19440046,570545911373.8527,397541878805.2772,0.303225435709439,3757690.186307138,1017946.0,51.0,Neutral,18054.0,137631524.45253965
2023-07-27,29234.0,19440908,568335520403.681,397158284510.26624,0.30119045836133895,23108957.00105376,943039.0,51.0,Neutral,18054.0,136875823.3962021
2023-07-28,29311.0,19441783,569858117486.6438,395826432632.9287,0.3053947632110268,61339501.55226873,944839.0,52.0,Neutral,18054.0,137841539.03872004
2023-07-29,29343.0,19442608,570504462535.0829,395868546608.3118,0.30610788765921687,3108868.2614586605,883630.0,52.0,Neutral,18054.0,137753000.261066
2023-07-30,29293.0,19443658,569563089757.8344,395897443615.2836,0.30491028872041115,3109051.3694416126,1013491.0,52.0,Neutral,18054.0,138505296.86313495
2023-07-31,29217.0,19444539,568111119189.6665,395861166840.45654,0.30319764308591807,7661468.819280456,916255.0,50.0,Neutral,18054.0,136557657.64780343
2023-08-01,29729.0,19445408,578092550633.4417,395969450544.0933,0.3150414235398605,3782507.757982929,988379.0,53.0,Neutral,18054.0,138600003.22392428
2023-08-02,29152.0,19446371,566900608702.9934,395818699763.8893,0.3017846626245839,10539843.247469278,1076907.0,53.0,Neutral,18054.0,136703808.3614603
2023-08-03,29177.0,19447314,567414303772.8677,395860211824.4675,0.3023436152520261,3340026.0301492643,1035109.0,52.0,Neutral,18054.0,136772893.8138416
2023-08-04,29081.0,19448071,565569354058.8004,395899044098.7664,0.2999991225521635,5744832.286767224,915811.0,54.0,Neutral,18054.0,136413099.57051393
2023-08-05,29036.0,19449033,564722138011.7767,395928334614.996,0.2988970894448284,1785971.4788670482,993100.0,50.0,Neutral,18054.0,136511255.89643294
2023-08-06,29043.0,19450058,564888050321.5916,395980944230.59174,0.29900987637256754,3078167.471830823,980117.0,49.0,Neutral,18054.0,136779262.5299449
2023-08-07,29167.0,19450971,567326472468.668,396015865635.7625,0.30196124303430333,4298541.074135477,952715.0,49.0,Neutral,18054.0,137554474.5632085
2023-08-08,29767.0,19451752,579020310564.4005,396096922534.8634,0.31591877640912525,8414640.767609045,876004.0,54.0,Neutral,18054.0,139696179.58941922
2023-08-09,29583.0,19452764,575471140929.6259,396190207201.81573,0.31153766188552334,5645119.971707892,1051782.0,50.0,Neutral,18054.0,139233897.87514344
2023-08-10,29423.0,19453558,572382053068.6805,396209202995.19507,0.3077889132424394,6310953.943511414,953741.0,53.0,Neutral,17842.0,138599140.82655165
2023-08-11,29407.0,19454502,572098548988.211,396304967612.6956,0.30727849543827096,3743052.197010525,967467.0,51.0,Neutral,17842.0,138686786.2997323
2023-08-12,29414.0,19455546,572265431366.7758,396392140259.1346,0.3073281758214758,5080702.38732205,929964.0,54.0,Neutral,17842.0,138535695.7918378
2023-08-13,29279.0,19456389,569663636806.9547,396455178037.586,0.30405391458760933,3796523.929727996,867958.0,54.0,Neutral,17842.0,138773974.92710242
2023-08-14,29396.0,19457458,571971451387.9663,396532123977.8227,0.3067274196717621,11649581.197023105,1004609.0,50.0,Neutral,17842.0,138276905.3366255
2023-08-15,29184.0,19458527,567877660576.4325,396569508391.3121,0.3016638337405835,6785199.8650952345,1069685.0,53.0,Neutral,17842.0,137615612.92910892
2023-08-16,28705.0,19459546,558586269220.8914,396546066905.9697,0.29008984152247985,7465327.136023348,956823.0,52.0,Neutral,17842.0,0.0
2023-08-17,26703.0,19460521,519654293463.85956,396233469930.991,0.2375056361223966,10255165.58763761,1053728.0,50.0,Neutral,17836.0,123930255.69161823
2023-08-18,26050.0,19461389,506969204158.99347,395950631394.5846,0.21898484533903112,11519408.451235944,1020222.0,37.0,Fear,17836.0,120478656.66202176
2023-08-19,26095.0,19462264,507867799824.7672,395923889504.5098,0.22041938937432554,2178962.0029666373,887935.0,39.0,Fear,17836.0,120958050.75279634
2023-08-20,26189.0,19463277,509723769077.99445,395930096191.124,0.22324576523614792,2797773.6200104044,932504.0,37.0,Fear,17836.0,120954132.85221346
2023-08-21,26132.0,19464308,508641310897.1811,395790081472.0156,0.2218679981500317,6612625.110754308,1009274.0,38.0,Fear,17836.0,121304763.56547657
2023-08-22,26032.0,19465202,506718146142.684,395680581244.0715,0.2191308239972643,7475683.704512663,930845.0,37.0,Fear,17836.0,121617524.12876326
2023-08-23,26433.0,19466089,514547151550.46735,395655552985.12225,0.23106064858602968,4895604.903035245,934855.0,37.0,Fear,17836.0,123510617.61625306
2023-08-24,26122.0,19466958,508515891111.7314,395485496069.9271,0.22227504984100716,4768875.802508876,950085.0,41.0,Fear,17728.0,121781618.89654627
2023-08-25,26045.0,19467802,507038910772.5186,395360534186.2857,0.22025602811445186,4844663.264734294,921331.0,39.0,Fear,17728.0,122364021.52146864
2023-08-26,25989.0,19468658,505970966925.25024,395336711365.5387,0.21865731986961245,2101539.493250713,921637.0,38.0,Fear,17728.0,123349228.79033998
2023-08-27,26082.0,19469383,507800461619.93256,395393633753.0041,0.22136023174996694,6614389.617585043,804867.0,38.0,Fear,17728.0,123076282.33431429
2023-08-28,26089.0,19470121,507955987942.2474,395343493552.3028,0.22169734595735918,6143844.989514722,878193.0,39.0,Fear,17728.0,120440580.67237552
2023-08-29,27720.0,19471108,539739128866.595,395345082180.2213,0.26752562296083393,13996635.09766492,1051269.0,39.0,Fear,17728.0,127396763.82012215
2023-08-30,27306.0,19471896,531699593403.977,395339388626.1753,0.25646099126165284,5532276.87656707,880620.0,49.0,Neutral,17728.0,127066702.7783342
2023-08-31,25937.0,19472796,505065911018.4118,395152645378.89905,0.2176216276760479,6442776.655967701,996890.0,52.0,Neutral,17693.0,121560331.06247838
2023-09-01,25789.0,19473739,502208275572.50604,395066976202.2331,0.2133403700847707,6333374.498806999,1030029.0,40.0,Fear,17693.0,120984449.65046243
